[883.6421052025348 1 ({:upper (0 1 1 2 3 4 1 5 5), :is-main true, :lower (0 1 2 2 4 4 4 4 3 5)}) 1222201001010111222000102200122001022220110101111220002200022000220001222001 2222000221022102200200221022012220112200022102200022010220002210221022000220122201222102201222000122210220022201122010221022102201012102210220002201110221022011220121222102210111222001221022002102201222102200122002220112210221011101122102200110112210022010112210221011220121222102201022011220002210220002201022002]
[982.227437032825 1 ({:upper (0 1 0 0 2 0 3 4 5), :is-main true, :lower (1 1 2 4 1 0 5 3 5 5)}) 1222201001000110122200022001022220111010112200010022001122200122001 222200022102210220102201222000221022010220122200022102200222010220102210221010220001222102201222001122210220002200002210221012220121122102201110122210022011220012210221010022010221011220002200222102200222002112210221010220002200222102201022011112210220122200122010221022101012112210022000102210122200010]
[863.0528057176308 1 ({:upper (0 1 2 3 4 5 1 5 5), :is-main true, :lower (0 2 0 0 3 5 4 4 4 1)}) 12222010010111222000220011022001220010222201101100122200122000220002200010 222200022102210102201002210022010112210002200022102210220122200011221022002220012200122101122000220112210221022000220122201222102200122001112210121022010221022102201222002112210220010102210220002200222000221022102200222000220122210022010220012210022001102210221010220112200222102201011220122210220012200122002]
[893.684544706355 1 ({:upper (0 1 2 2 3 1 3 4 5), :is-main true, :lower (0 0 4 1 0 2 0 3 4 5)}) 1222201001011111210122200022001022220110022000100110122200022001 222200022102210110112210100220022210111122001221022102201110220012210112201110221022011220101222102210220102201022011221022001220011222102200211220122210221022002220011022102200222012220112210011220102210221022011220021122100220102200022101010220122210221011101222102201022012122210122201222000]
[904.0122776854123 1 ({:upper (0 1 2 1 1 3 4 5 1), :is-main true, :lower (0 3 2 5 0 5 1 4 3 0)}) 12222010010111010122200022001100222201101211220010220011022000120 2222000221022102200001122101201022100101122102210220112201110221022010122201022102201222002220122210221022001220012201022102200101222102200211022102210220021222010221012220112201022102200022002220122210221011122201022102201122012122210220112201111221022102201022011220102210012122210112201022012]
[921.1454238498966 1 ({:upper (0 1 2 3 0 4 0 5 3), :is-main true, :lower (0 1 4 4 4 4 3 5 2 5)}) 12222010010111202200002200112022220110102200022000220002200012220011122001 22220002210221022002220002200122102200122002220102210220111222000221022101022000112210112200022002221011100221022102201210220002210102201111221001222011221022101022002102210220012200222000221012220012200022102210220011010221010012221010220001122102210112200002210122200210221001210]
[971.798401173173 1 ({:upper (0 1 2 1 1 3 1 4 5), :is-main true, :lower (5 5 2 3 4 2 1 0 5 5)}) 1222201001011101012102200022001022220112200122001111222000111002200122001 22220002210221022010220022201022102201101222102200011220002210221022002112201022101222012220112210022002220112210221011011221011111222100102200222102210220101022012221022002102201022101222001220102210221022002022000221022011220000221022011220001122102210220012200011221011220010221001022001]
[952.7769656487969 1 ({:upper (0 1 2 3 2 4 2 5 2), :is-main true, :lower (4 4 1 1 5 1 4 0 3 2)}) 1222201001011121122000112200111022220112200022000101022001102200001211 2222000221022101222001220112210220022200012221022010220022201222102210100220122210220011122001221000220022210221022012220101122101111220012210220111222002221022102201222000122210220002201111221022000220121222102210220020112210120102210101022012221022102200222011122210121022000221001022000]
[911.1124680438418 1 ({:upper (0 1 0 2 0 3 0 4 5), :is-main true, :lower (2 0 2 5 4 1 1 3 5 2)}) 1222201001001101202200022001022220111101122001220001010122200111 22220002210221022001220022200122102200222002220012210220012200022011221022101102200222101012220122210100022102210110220022210220102200210221022000011221022102200211122210022011220002210220011002210221022010122201122101211220122210220000122210221022001121022102201110220002210220012201022012]
[919.638591773497 1 ({:upper (0 1 2 3 4 4 5 0), :is-main true, :lower (4 2 2 2 3 2 5 0 1)}) 12222002010111222000220002200100222201022000111111121122001010 2222000221022102200011220002210220102200202210112200222011221022102200222002220022210121002210022002112210221012022001221010011221002200102210221011220111022102200122012102210220012201212221022102201022000122210220102201122001221002201222001221022102201010022102201022001102210122200122012]
[858.0090909493239 1 ({:upper (0 1 2 1 3 2 4 5 0), :is-main true, :lower (0 1 2 3 3 3 4 5 3 3)}) 122220100101110121122000220010022220110101112121222000220011212 2222000221022102201122011220102210220122201022002221011101022102210101122010221022001220122200222102201210220122210221010220022201122102200222012220112210220012200112221022102200110122210220001210221002201211221022102201222002122210122201222001221022012122201222102210220102200102210102201210221022001220110]
[924.5714495902758 1 ({:upper (0 1 2 3 4 4 5 4 4), :is-main true, :lower (0 5 3 5 5 0 4 3 2 1)}) 122220100101112220002200022001220002200002222011022001122200122001022000121110 22220002210221012112200022102200002201022101222002122210221022001220101022101110220022210121002210221022010220022200122102200022001220122210001122102210100220112210122201110221011010221022102201010022101222012220022210220122200222010221022101100221002200202210121022002]
[907.8338978483195 1 ({:upper (0 1 2 3 1 3 4 5 1), :is-main true, :lower (0 2 4 5 5 2 3 3 5 1)}) 1222201001011121012220002200110022220110112200022001220011112122200110 22220002210221022011220012200022102201022000220002210220002201122010221022102200122002220112210220112201022011221022011220022200222102210220010112210220010220002210220121022000221022101222000220122210112200010221022010022002221022102201110220022210220022200212221022010220122201222102210110102210220001210221022012220000]
[950.5876223949454 1 ({:upper (0 1 1 2 3 3 4 1 5), :is-main true, :lower (5 1 3 5 0 2 0 4 0 4)}) 12222010010101112122200010220010222201122001101222001011022000022000 22220002210221022002120221002200202210102201122000221022101012220102210220002200122010221022011220112200122102210102201022010221001010221022002220112200022102210220102200102210112201222011221022010022002221022102200010122210012022101110102210221022000220102201122101022002220022210220002201212]
[872.0774822321025 1 ({:upper (0 1 2 2 3 4 2 5 2), :is-main true, :lower (0 5 0 3 0 2 1 0 3 4)}) 1222201001011111222000112200111022220110220010120111001222000 222200022102210110112210002200022101022002220102210221022012220110221012111122102200122012122210221022010220002201222101022010220122210220112201010221022102200111112210220012201122012221011022012221022102200222011220112210220101022000221012220021122102210110220002210220101202210220021022000]
[814.4822016461206 1 ({:upper (0 1 2 2 0 3 4 5), :is-main true, :lower (0 5 4 1 5 3 2 5 5)}) 12222002010111101222000220010222201002200122000102200112112200122001 222200022102210220102201222012221002201002210022012220112210221022011220011122102200122012112210220122200022012221022102201022012022102201222010102210102200102210221010220102201222101010220002210012220102210221022002102201022102200112022101110220012210221012220000221001211221001222010]
[938.0643463804547 1 ({:upper (0 1 2 3 0 3 0 4 5), :is-main true, :lower (4 4 2 2 3 1 1 5 0 1)}) 12222010010111201202200022001022220112200022000111112101022001010 2222000221022102200022010220002210220102201222000221022012121122102210120022101110220122210120112210221022001220110221022001220010221022001122200022102210220110220122210110220012210220022201111221022102200122001022102200222011220022210111022011221022102201002201122102201112220122210220001122001]
[849.0615355988272 1 ({:upper (0 1 2 3 1 1 4 5 1), :is-main true, :lower (3 2 1 2 0 2 0 4 3 5)}) 122220100101112101022000220011002222011121110110110220001222001 22220002210221022010101222101022012220112210101212221022102200112220112210220102201122000221022002220022200222102210121211221010102200122100101022102210220001222002221022011220121022101011220102210221022012220022201022102201110220122210120112210221022012220101122101111220112210112200010]
[958.1802257745429 1 ({:upper (0 1 2 3 3 0 4 5 2), :is-main true, :lower (5 3 5 2 1 0 4 4 4 4)}) 122220100101112120220002200111022220112200112220011110022000220002200022000 22220002210221022002122200022100220122201122102201122011220002210221011220112200122102200110220002210220122201011221022101122010220122210220011102210112201222010221022101022002220022210122201222002221022000112201022102210121210221000112210102200012221022102200202200222102201212102210220001011]
[933.4612853578659 1 ({:upper (0 1 1 2 3 2 4 1 5), :is-main true, :lower (2 1 3 4 5 0 2 5 4 5)}) 1222201001010111211220001022001022220111110122200022001011220012200022001 222200022102210101222002221012122201122102201212022102210220012200222010221022010220120221002201210221022101210122210121022012221010220011022102210112200011221022001121022102201122002220002210221012022000221011220000221022000112201022102210121002210220002200012221010012]
[707.2087957071539 1 ({:upper (0 1 2 3 4 1 2 2), :is-main true, :lower (0 0 0 4 5 1 2 3 5)}) 1222200201011122200010111102222010000220002200110111222001 222200022102210110022102201002201022102201110112210221011022001221012122200122102201122010220102210221012122201022102201122002112210220012201222002221022102201122011022102200122002122210022012220012210221011220000221022000220002200222102201012220112210221022002220011222101122000102210122200222001]
[865.8096363336911 1 ({:upper (0 1 0 0 0 2 3 4 5), :is-main true, :lower (1 2 5 5 0 2 4 2 3 5)}) 1222201001000011122200022001022220111011220012200101122000111222001 2222000221022102200222010102210220012201222000221022012220111222102210111222010221022000220021022102200122010220012210221022010220011122101100221022011100221022102201022012220102210112200222002221010112201022102210102201022010221001022002221022012220122200222102210112200111221012002210220021022011]
[923.1788132332483 1 ({:upper (0 1 2 3 2 4 5 0 3), :is-main true, :lower (3 5 1 4 2 2 2 1 0 5)}) 122220100101112112200022001012022220111222001102200011111110022001 2222000221022102201110022101122012220112210220012200122010221022102200122010220112210101022010221022002220112201222102210102200102210000221022012220101022102210110220122210220012201222000221022011220022200022102210220022200110221011220002201222102200222011112210221022010220102200122101110112210220022200022001]
[945.0222563628478 1 ({:upper (0 1 2 2 0 3 4 5 2), :is-main true, :lower (0 1 5 4 3 3 3 2 3 2)}) 122220100101111012220002200111022220110102200122000121212111211 2222000221022102201222000220122210220012200122001221022001220121122102210110102210220021022011221010220112201022102210220110220002210220022200122001221002200122010221022101110022102200011220012210121110221022102201212102210220122200222010221022000220112200022102210220102201002210121222010221011220110]
[969.010236421432 1 ({:upper (0 0 1 0 2 3 4 5 2), :is-main true, :lower (2 1 1 5 2 4 0 1 3 1)}) 12222010001001112220002200111022220111110102200111220000101210 222200022102210220102201122012221022001220002201122102201022000220122210221012111022101222000102210102200010221022102201222002220012210220012201122000221011220112200122102210220022200011221022000220111222102201110220002210221022010220112201122101102200222102201012102210221022000220022200022102200010112210220112201222000]
[926.0774724372517 1 ({:upper (0 1 1 2 3 4 5 2 2), :is-main true, :lower (0 2 0 1 4 5 4 2 4 3)}) 122220100101011122200022001111102222011011010220002200122000112200012 222200022102210112200222011221011220101122102201222011112210221022012112201022102200202200122102201122000220122210221022012122200122102200022001102210220112201222002221022101012022101022002102210220001011221022101011022102200010112210111010221022101210220022210112200222001221022010022012]
[817.5485335004404 1 ({:upper (0 1 0 2 3 4 3 3 5), :is-main true, :lower (0 0 2 5 5 0 3 1 4 5)}) 1222201001001112220001212220010222201100112200122001012102200022001 22220002210221022010122201222100022011221022000220002200122102210220011112221022002110221022011220122201122102210220001112221022011220111022102200111220002210221022002220111222101222012220022210220022201122002221022101011022102200222002220002210220122201111221022101010022101212102210121212]
[959.8283713946353 1 ({:upper (0 1 2 3 3 4 5 0 0), :is-main true, :lower (4 0 5 1 3 2 5 4 4 3)}) 12222010010111212220002200100022220112200002200110121122001220002200012 22220002210221022002220011222101122011220102210220002201202210221022000102200022102200211220002210022001220012210221022000121222102200110122210220002201111221022102201222002122210220112200222000221010220011022102210111002210012022100022002221022101010112210022000220122210121122011]
[912.4659954904773 1 ({:upper (0 1 2 3 4 4 2 5 4), :is-main true, :lower (3 3 5 1 2 4 5 5 1 0)}) 1222201001011122200022000112200122000022220111212220011011220002200122001100 222200022102210220122200222010221022002220002201222100112201022102210220001022000221002200022001221022002022010221022102200022000022102201212022101022011220102210221012110221022011121122102200201022102210220102200022012221022000220102201122101022010220122210221011220121022100120221012012]
[940.1473877602838 1 ({:upper (0 0 1 0 2 3 0 4 5), :is-main true, :lower (3 5 2 3 0 3 1 3 4 3)}) 1222201000100111202200022001022220111222001111201210122200012 22220002210221022002220002201022100220102200122102200122001220102210221022000220021022101122011102210220101022012221022102200012220012210220011222012221010220122200222102210101022001221022000010221011111222102210220001222002221012220001122102201022011102210221022010220001122102201022002220022210102201011]
[866.9641069987288 1 ({:upper (0 1 2 3 4 5 3 4 2), :is-main true, :lower (1 1 3 3 5 0 2 1 5 4)}) 1222201001011122200022001122200011022220111010121222001011102200122000 2222000221022102201201222100220112200022102201022001102210221012022002221022011002210002201222102210220122201222012221001022000221022011220121122102210220002201022011221011220112201122101011220122210221011121022102200022002220012210220012201222002221022101110102210220002201010221022001220010]
[954.7765808441503 1 ({:upper (0 1 2 3 3 4 3 3 5), :is-main true, :lower (0 2 0 0 1 1 1 5 4 3)}) 12222010010111212220001212220010222201101100101010220012200012 22220002210221010220021222102200002200022102201001022102210122200210221022001121122101111022102210220120220002210220102200122001221022011022002221022102201222000220122210220022201012221022011220122201022102210220001222002221022012220010221022010220022200222102210220102201122002221000220002210220122200222010]
[880.3204533748795 1 ({:upper (0 1 2 3 1 4 0 0 5), :is-main true, :lower (3 4 5 1 5 0 5 2 5 4)}) 12222010010111210220000022001022220111222000220011022001022001112200122000 222200022102210220112200210221012220111022102200222012220022210221022010112201122102201022011220102210220100112210221011220001122100121122101011220022210221012220111122101202201122102200122012112210221022002102201122100220021122102201012022102210120122210111212221010022000]
[840.8016366992492 1 ({:upper (0 1 2 3 4 0 0 5 0), :is-main true, :lower (0 4 5 2 2 3 5 4 1 5)}) 1222201001011122200000220010022220110220002200111111222001220001022001 22220002210221022001220022200222102201122010220122210220022201122011221022102201122010220102210220102200022001221022011022000221022102200022011220002210220021011221012220022201122102210220122200222000221022012220001222102201012220112210221011220102200122102201002200222100100221022101111112210220000220002210220002200112]
[971.0284588493535 1 ({:upper (0 1 2 3 0 0 4 2 5), :is-main true, :lower (2 1 2 2 5 3 5 0 4 5)}) 12222010010111200220001122001022220111110111122001122200102200022001 2222000221022102200012220022210220122201122012221010220122201222102210122200022011221022011220021022102200202200222102210121022011221022000220111222102200111220002210221022000101022101210220112210022000122210221022011112200022100110221022011220101122102210121011221022000002210121011]
[891.7631428403963 1 ({:upper (0 1 2 3 4 3 3 3 5), :is-main true, :lower (0 4 4 1 0 2 5 5 0 3)}) 12222010010111222000121212220010222201102200022000100112200122001012 2222000221022101112102210220101202210121211221022102201022010122210220112200012221022002011221022102200110122210220000220102210112200022012221022102200022002022102201122010220122210220112201222012221022101122011220112210220102200002210220101211221022101012122210101122002221022002120]
[915.4165237255182 1 ({:upper (0 1 1 0 1 2 3 4 5), :is-main true, :lower (0 2 1 3 4 4 4 5 4 0)}) 12222010010100101112220002200102222011011101222000220002200022001220000 2222000221022102200122011220122210220100220022210121012221022102201222001220112210220120220122210220012201222000221022102201222010220002210220012200122001221022000022012221022102200112122210220012201002210122200122010221022101200221022011102200222101111102210221022011102200122102200011220022210111210]
[943.7354309483165 1 ({:upper (0 0 1 2 3 1 0 4 5), :is-main true, :lower (0 3 2 3 5 2 2 1 2 4)}) 12222010001011121002200022001022220110121112220011111101122000 2222000221022102201022010220022210220122200122010221022010220102201122102210220122200222000221022011122201022101212220002210221011101122100220112200022101022010102210221022000102200222102201211102210121110221022102201002200022102200122000220002210220001122011221022102201110112210022001220112210220112200222012]
[801.8828275391716 1 ({:upper (0 0 1 0 2 3 4 5 0), :is-main true, :lower (1 3 3 4 3 3 5 2 4 0)}) 1222201000100111222000220010022220111012122200012122200111220000 2222000221022101022012220002210220121022011221022010220021222102210220122201011221022002102201222102200122011112210221022002220001122101222012220102210122200210221022101210022101022011022102200101222102210112201022012221011122201022101022000112210221010002210022010220002210122200222000]
[939.8005915009333 1 ({:upper (0 1 1 2 3 4 2 2 5), :is-main true, :lower (1 5 2 0 4 3 3 5 3 4)}) 1222201001010111222000111122001022220111022001110220001212220011222000 222200022102210220002200122012221002201222002221012220002201122102210122201222002221022001220102201022102200110220002210221022012220122200022102201012220112210220122200122012221022101210102210220012200022001221000220102210221022000112201122101201022101200221022101111220122210120220012210220121122002]
[926.7905212948434 1 ({:upper (0 1 2 3 4 3 5 1 4), :is-main true, :lower (0 2 2 3 4 1 2 5 2 0)}) 122220100101112220001222001102200002222011011111222000101122001110 2222000221022101222012022101222002220122210022010220012210221011022012221022001220122201222102201122002112210221022000220120221000220002210100122210221010220022200022101222010022102201022002122210221022012220002201122102200022011112210220102201222012221022102201222012112210220022201212221012220010]
[900.1732028168916 1 ({:upper (0 0 1 0 2 3 4 0 5), :is-main true, :lower (4 3 0 3 1 3 5 2 2 2)}) 1222201000100111222000022001022220112200012012101222001111111 222200022102210220112201022011221002201222011221022011012221022102200112122210112201222011221011101122102210111110221022010022001221022012101122102210220010220012210101210221010220002200022102210220121222010221022010102200222102200022010220002210221022011220111222102201222000220012210220011211]
[948.7329158044156 1 ({:upper (0 1 2 3 2 4 5 4 0), :is-main true, :lower (2 0 1 5 1 5 1 1 3 4)}) 122220100101112112200022001220000022220111101022001102200110101222000 222200022102210220122200022001221022002112200222101122002220012210221011112201022101112112210100102210221010220012201222102200222010220022210122201202210221011220120221022012220021222101222011112210221022001220121222101122010220002210220012201212221022101102201022102200022001220022210101122010]
[931.4269450342543 1 ({:upper (0 0 1 2 3 4 5 0 3), :is-main true, :lower (0 4 1 1 1 2 3 1 5 5)}) 12222010001011122200022001012022220110220001010101112102200122001 222200022102210220012200222000221022002220112201122102200112220112210221011120221001122001221012220021122102210220102201122010221010220102200022102201022010022102210220002201022010221022001220122200122102200122012102210221011012221022002220112201022102200100221022101022002122210022010112210220021211]
[982.6063252177609 1 ({:upper (0 1 0 2 0 3 4 5 0), :is-main true, :lower (2 1 1 2 3 5 0 1 1 4)}) 1222201001001101222000220010022220111110101112220010101022000 22220002210221012220112200122102201022010220022210122200022002221022101222001102210001022102200100221022102200122001220002210102200222011221010022012221022102201122011220012210220101122002221022011220011022102210112201022012221022010220121022102201222001220102210221012112201222101022000112210122201122000]
[957.6529791681535 1 ({:upper (0 1 1 2 3 3 4 5 2), :is-main true, :lower (0 0 5 1 5 3 5 2 0 4)}) 12222010010101112122200022001110222201100220011022001122200111022000 22220002210221022011220112200022102200022001022102201122000102210221022011220101122102200022000220022210012220012210221022010111222100220001222102201222011220002210221022012102201122102201000221011220001122102210122200110221011220112200022101112220002210221010100221002200210221002200111]
[900.3041642425217 1 ({:upper (0 1 2 1 3 4 1 5 0), :is-main true, :lower (4 4 2 1 0 2 4 4 3 5)}) 122220100101110122200010220010022220112200022000111001122000220001222001 2222000221022101122011220002210112200122012221022011102201222102210220012200111221022000220112200022101122010122210221022002101022101222000220012210220021022000221022102201212220022210220002201022010221010121222102210102200111221011010221011220001022102210220002200222002221011022011221022011012]
[964.773199812761 1 ({:upper (0 1 1 2 3 0 4 1 5), :is-main true, :lower (3 2 4 1 4 2 5 4 2 0)}) 122220100101011120220001022001022220111211220001022000112200122000110 2222000221022102201122011122210220011022002221001222011221022101022011220122210022010220102210220111122012221022102200011112210011220002210010220002210221022010112201222101001022101222010112210221012022000221012220021022101001022102210220000122210220020122210220112200022010]
[981.182215752917 1 ({:upper (0 0 1 2 3 1 4 5 1), :is-main true, :lower (3 5 0 3 0 3 2 4 1 3)}) 12222010001011121022000220011002222011122200101201211220001012 2222000221022101122012220122210220101211221022000220012201122102210220002200202210022011220022210220102201022012221022102201010220122210110220112210111111221022101022012022100101022101110112210221022000220102201122102201222002220122210220112200111221022102201222012220022210220100122210220012201022002]
[913.6921398592314 1 ({:upper (0 1 2 3 4 5 5 0 0), :is-main true, :lower (0 5 3 3 1 3 2 0 3 4)}) 1222201001011122200022001220010002222011022001121210121101222000 222200022102210220102200222000221022011220012201122102200212102210221022011112201222101022011122210220012201022012221022101122000220102210220002201012221010220012200122102210121002210220101110221011010221022102201022000220012210220111122001221022000101222102210220122200102210220121112221002200210]
[888.472448937625 1 ({:upper (0 1 0 2 3 4 1 5 0), :is-main true, :lower (0 4 4 2 5 1 2 5 3 5)}) 12222010010011122200010220010022220110220002200011220011011220011222001 2222000221022102201112220112210220110112210220022200122011221022102200022002220002210122200022012221012220022200022102210102200122012221010100221022000022002221022101222002220102210121022012221022012220011122102210102200011221010101122102200211220012210221010002210220012200010221001022012]
[851.0233596322439 1 ({:upper (0 1 0 2 3 4 4 1 5), :is-main true, :lower (4 4 3 5 2 5 2 1 3 0)}) 122220100100111222000220001022001022220112200022000122200111220011110120 22220002210221022012220100221022011220012200122102201112220122210221022001220112201122100022010221001122011221022102200122002022102201110112210100022102210122200022001221022010220122200022102200222011102210221012220012201122102200022001122210100220022210221010022000221000220122210220022200022012]
[948.9374547880512 1 ({:upper (0 1 2 3 3 3 4 5 4), :is-main true, :lower (5 0 2 4 2 4 1 3 2 4)}) 1222201001011121212220002200122000022220112200101122000112200010121122000 2222000221022101102200022101022011220002210102200122000221022102200022001102210220022200002210122200022012221022102201222000220012210111211221010100221022102200222011220112210220011022000221022012220102201022102210100022100220001222102200022010220112210221010012221000220112210220011112]
[925.0469192230748 1 ({:upper (0 1 2 3 0 2 2 4 5), :is-main true, :lower (4 3 0 5 1 1 1 5 2 5)}) 122220100101112011112200022001022220112200012022001101010220011122001 22220002210221022001220122201122102200022000220112210112200122012221022102200110022101001022101222001102210221022010220011222102201022011220002210220122200002210221022002112201022101122001220022210121122001221022102201011220012210220002201211221002201202210221022000220101022102200011220122210111210]
[923.8720740361434 1 ({:upper (0 1 2 2 2 3 4 5 5), :is-main true, :lower (0 3 1 0 2 0 4 0 5 3)}) 1222201001011111112220002200122001022220110121001102200002200112 22220002210221011012221010111022101222000220002210221010220012200022102201011220002210102200222000221022102201222010112210220121212221022001220102201122102210220110220012210220121122000221011220110221022102201222010220002210121222001221022002220120221022102200122010220022210220112201222011221022000010]
[908.5822709919223 1 ({:upper (0 0 1 2 2 3 0 4 5), :is-main true, :lower (0 4 3 1 5 3 1 5 3 2)}) 12222010001011111202200022001022220110220001210220011210220011211 22220002210221022011220122200122102201122002220102210220002200222011221022101202201122102201222012220102210220121022000221022102201211220122210102200122011221010220121222102210121112221012101022102200100221022101222002220022210112201102210112200012221022102201211220022210220022200122001221001222002]
[912.9128756149267 1 ({:upper (0 1 2 0 1 0 3 4 5), :is-main true, :lower (0 5 4 2 3 2 1 2 2 2)}) 12222010010110100122200022001022220110220012200011121110111111 2222000221022102201022012220012210220012200022001221022010220102201122102210220112200012221022001220101022102201110220112210221022000111022102200010220012210112200102210221022012220112201222101122001112210022002220102210221012220111222102200110220102210220121022012221022102200202200222102200122002220012210220122201222011]
[886.7382453784376 1 ({:upper (0 0 1 0 2 3 0 4 5), :is-main true, :lower (5 1 3 5 2 4 2 2 0 5)}) 1222201000100111202200022001022220112200110122200111220001111022001 22220002210221022010220021122102201012220002210220112200122000221022102201002201122100220112201222102201222002102210221010102200222101122000220002210012112210221011112200222102200122012102210220111222002221022102201022001022101122000112210111022010221022102200201022101011112210121022001]
[872.4960593129347 1 ({:upper (0 1 2 3 3 1 1 4 5), :is-main true, :lower (0 2 2 2 4 1 2 0 3 5)}) 122220100101112121010220002200102222011011111122000101101222001 222200022102210101022000221022012011221022002220002201222102210220112200122001221022002220012200022100220012201022102210121111221000220012210022002022102210111122011221012220100221022011022010221022102201112220002210100220002210112200122011221022102201210220112210220012200202210102200222002]
[982.088707303363 1 ({:upper (0 1 2 2 3 4 2 0 5), :is-main true, :lower (1 4 3 1 1 5 0 1 1 2)}) 122220100101111122200011022001022220111022000121010220010101011 2222000221022102201122011220112210022010220102210022002220002210221022000010221011110221012220001022102210220011022000221022002101122102201222001220022210221010102201022102201122000220002210220122201022001221022102201211220112210120022102201110220102210221012102200122102200011102210220022200011]
[974.0368195502472 1 ({:upper (0 1 2 3 4 0 0 5 0), :is-main true, :lower (2 5 1 5 1 4 4 1 0 3)}) 1222201001011122200000220010022220111122001102200110220002200010012 22220002210221022011220002201122102201111220112210220112201222010221022101222000112210220001122000221022000110221022102200222002022101202200122102201222001102210221022002122200022101022002220012210220110220122210221022001111122101022002220012210001222102210220002200202210220001122001221012220020]
[926.0307554493436 1 ({:upper (0 1 2 0 3 4 5 0 1), :is-main true, :lower (0 4 1 2 5 4 5 2 3 2)}) 12222010010110122200022001010022220110220001011220012200022001111211 22220002210221022002220022201122101122001220022210220022201222002221022101222010220122210120102210122201222010221022101222002220022210102200010221011011221022101211220002210220101211221002200010221022102200222010102210122200202210100122210221022012220012201122100122201022100011]
[918.9594775015718 1 ({:upper (0 1 2 3 4 0 5 0 4), :is-main true, :lower (0 4 3 2 2 1 2 2 5 5)}) 12222010010111222000022001022000022220110220001211111011112200122001 22220002210221022002112201222102201022011220012210220112201110221022102201022010122210220111222011221001202210221012112201222100110221011101122102210220102200002210220022201122011221011220022201122102210220111222002221012220001122102200210220122210221012112201022102201010102210220121111]
[940.1027971634143 1 ({:upper (0 1 2 3 4 5 4 2 4), :is-main true, :lower (4 2 1 0 3 5 1 5 1 1)}) 1222201001011122200022001220001122000022220112200011100122200110220011010 222200022102210122201022012221010220012201122101111220112210221022002121122101010102210101022010221022101222010220102210220110220002210220102201122002221022102201022011112210122201122010221001010221022102201122002220002210122201022012221022012220012200222102210220002200012221022011120221022000110]
[929.0864018221678 1 ({:upper (0 1 2 3 4 3 3 5 2), :is-main true, :lower (5 1 0 1 0 5 2 1 3 4)}) 122220100101112220001212220011102222011220011001002200111101222000 2222000221022102200102201122102201022002022101022001112210221011220001222100010221022001112201122102210122200022011221022010220112201222101222012022102210220112200111221012122201222102201122012122210221022002122200022101222010220102210121022001221022101022010112210111210221002201010]
[849.5381458679714 1 ({:upper (0 0 1 2 0 3 0 4 5), :is-main true, :lower (3 2 2 1 4 4 0 5 5 5)}) 1222201000101101202200022001022220111211111022000220000220012200122001 2222000221022102201222010220022210120220012210220002200122000221022101222002220022210220012200110221022011220102201122102210121102210120220002210220101011221022102200012220102210122201111221011220111022102210121112221022012010221010022012221022101022000102210012102210101211]
[904.1761002356608 1 ({:upper (0 1 2 3 0 0 4 0 5), :is-main true, :lower (4 5 5 1 2 5 3 1 2 0)}) 1222201001011120022000022001022220112200022001220011011220011210110 222200022102210220122200211221022012220022201222102201111220002210221022011101022101111022101022011112210221011022012221001122012221022012112201122102210121002210220001002210220102201210221022101022000022101012220002210220001211221022102201211112210220102200022001221010220000]
[861.8959709606738 1 ({:upper (0 1 2 3 0 4 0 5 0), :is-main true, :lower (3 1 5 1 1 2 5 0 3 4)}) 1222201001011120220000220010022220111210220011010112200101222000 222200022102210220022200122002221022012220122200222102201222002220012210221010121122101012022101222010022102210122200222010221022002220102201222102200112220002210221022010220111222100122201122100220102201022102210220012200111221022001220022200222101010122210221022002220011222101210122210220102200011]
[898.505389375443 1 ({:upper (0 1 2 2 3 4 2 5 5), :is-main true, :lower (3 0 0 5 4 0 0 2 0 1)}) 122220100101111122200011220012200102222011120022001220000011010 2222000221022101010112210121122002221012111222102210121210221022000220101222101122002112210221022010122200222102201122001220112210220101222002221022101211220012210220101222000221022010220022201122102210220102200202210022012022102200022010220112210221012220111022102201122002122210220112200212]
[839.0528510731666 1 ({:upper (0 1 1 2 3 4 5 2 5), :is-main true, :lower (0 3 2 5 4 4 4 4 4 1)}) 1222201001010111222000220011122001022220110121122001220002200022000220002200010 2222000221022102201202201122102200202200122102200122001220112210221022010102200122102200211220112210122200222012221022101122012112210220112201022010221022011102200022102210102201122001221022010120221022012022011221022102200112022100112201222101010112210221022002101022101010220102210112201222010]
[957.6471919585919 1 ({:upper (0 1 2 1 1 3 4 1 5), :is-main true, :lower (2 4 3 1 2 0 2 5 3 5)}) 1222201001011101012220001022001022220111122000121011011220011222001 22220002210221010022011221022000220022201122102201222002220002210221022011220012201122102201222002220002210220122201122010221022101010102210220011202210112200110221022102201111220002210220002200222001221012112200222102210220022200002210220112200202210220002201222001221022102200022010220002210100220122210101122012]
[984.3446772154848 1 ({:upper (0 1 2 3 1 4 1 4 5), :is-main true, :lower (2 5 0 1 0 3 3 0 0 4)}) 1222201001011121022000102200022001022220111122001010012120022000 22220002210221022000002210002200222100101222102210220102200122001221012220010221011022011221022101202201022102200112220022210122200212221022101022011220102210220122201202210121022010221022102201022012022102200022010220102210220101210221022102201222001122210220012201122002221022001012]
[880.3986591412664 1 ({:upper (0 1 2 3 4 3 0 1 5), :is-main true, :lower (0 4 3 5 5 1 2 5 2 5)}) 122220100101112220001201022001022220110220001222001220011011220011122001 2222000221022102200022011220112210220022201210221022010220022200122102210220112200122002221022011220102200222102201210102210221022011122200022102201222012102210122200210221022102201022012220112210102201022001221022000102201222102210220112201211221001022012221022000220112200222102210121002210120220002210220001022001]
[943.8815427433145 1 ({:upper (0 1 1 2 3 1 4 5 4), :is-main true, :lower (0 3 0 2 5 5 1 2 5 4)}) 122220100101011121022000220012200002222011012011220012200110112200122000 22220002210221022002220011122101210022100220011022102210220102201222000221022010112201122102200022012112210221022000102200022101122000220022210102201012221022102200011122210220012200122000221010022000221022102200222001220022210220022200022011221022012220122201022102210122200212221010100221022000220020]
[958.057127262058 1 ({:upper (0 1 2 3 1 4 5 4 4), :is-main true, :lower (0 0 3 2 2 5 2 2 1 4)}) 122220100101112102200022001220002200002222011001211112200111111022000 222200022102210111222011221010220101222101122001220112210221022012220122201122102201122002220122210220111222010221022101022001022101112102210022012220002210221011220012201022102201122002220012210022001022102210220002201222011221022000220112200122102200222011220122210221022011220101222101012122210220022200122010]
[902.8569293529899 1 ({:upper (0 1 2 3 2 2 4 5 1), :is-main true, :lower (2 0 5 3 3 5 1 3 3 4)}) 1222201001011121111220002200110022220111102200112122200110121222000 222200022102210220002201022001221022011220122200022102200122002112210221022010220122201022102201210220002210121122010221022101222002220122210220022201022011221022012220002200122102210101002210220021110221022002012221022101212220102210112200002210220001122012221022102201002200022102200222001220002210122201222010]
[894.2291549372263 1 ({:upper (0 1 2 3 2 2 4 4 5), :is-main true, :lower (5 2 4 0 0 0 5 0 1 3)}) 1222201001011121111220002200022001022220112200111220000002200101012 222200022102210220001202210022001102210100220022210221012220012201122101022011022102200111122210221022012220112201022101212112210220110220012210221022010220010221022000220102200122102201002201122102210111122000221022001120221022011220002200222102210122201102210010102210121022001]
[944.9580119942726 1 ({:upper (0 1 2 3 4 3 5 3 3), :is-main true, :lower (0 2 3 5 4 1 1 1 2 2)}) 1222201001011122200012220011212022220110111222001220001010101111 222200022102210122200022001221011220022200222101211112210221012002210022000220112210220011002210221022000010221022000012221022000121022102210220112200022011221022010100221022000220121122102210112200222000221022011122201022102200002200022102210220101022001221010022001221011012]
[895.3988220469668 1 ({:upper (0 1 1 2 3 1 4 1 5), :is-main true, :lower (1 3 4 0 2 2 5 3 2 5)}) 1222201001010111210220001022001022220111012220000111122001121122001 22220002210221011220022201022102200222002220022210220002200122010221022102201222011022102201111220102210220012201022001221022101112022101100221022010111122102210102200211221011112201022101122011220112210221022000102201022102201010220022210220111222010221022101201022102201022000112210220001222001]
[906.5311165773984 1 ({:upper (0 1 2 3 4 2 2 5 4), :is-main true, :lower (1 1 0 1 3 2 0 1 5 4)}) 122220100101112220001111220012200002222011101001012110102200122000 222200022102210220011211221022000220011122102201022001220122210221012120221011121022100112200122102210220001122012221022011220102200222102201022002112210221012220022201022100122201222102200110102210221022001112201222102200111220022210220102200022000221022101202201122102201212220112210220101210]
[861.3489953591952 1 ({:upper (0 1 0 2 3 4 5 5 0), :is-main true, :lower (0 2 1 3 5 4 5 4 4 4)}) 12222010010011122200022001220010022220110111012220012200022001220002200022000 222200022102210220011012221022011122201022102200222011220102210221022011102201222102200200221022011220002201122102210220111022012221001222002221022011220012200022102210102201212221022010220102201122102200110220102210221011102200022100012221022002002210221022012220112201222101222002220012210220022201010]
[894.4052630894291 1 ({:upper (0 1 2 3 0 4 0 5 3), :is-main true, :lower (0 3 5 5 3 5 4 2 5 1)}) 12222010010111202200002200112022220110122200122001122200122000112200110 22220002210221022010220101122101222010122210220022201102210221011220012200022101111220022210121202210221022010220001022100220022201022101122010220012210221012220021122100102201122102200222012220022210221012022011221002201011221010220010221022102200110220122210012112210101010]
[938.5280315163544 1 ({:upper (0 1 2 3 4 1 5 2 2), :is-main true, :lower (2 1 4 5 4 3 4 0 3 4)}) 1222201001011122200010220011111022220111110220002200122000122200001222000 2222000221022101122002220022210220012200012221022001102201222102210220012200022001221022011220002201022102201122002220002210221022012220002201122101022010112210122201022012221022101122000122210120102210220112201011221022101011022101010220102210220002200102210221022012220102201122102200110220022210121012]
[899.0325547458241 1 ({:upper (0 1 0 2 0 1 3 4 5), :is-main true, :lower (0 1 3 2 3 5 5 5 4 5)}) 12222010010011010122200022001022220110101211122200122001220012200022001 22220002210221022011220012201222101202200122101012220122210221022000220112200022102201022002220002210220102200222001221022101222011112210101210221022010100221022101122010112210112200122000221000220122210221011220111022102200211220012210220012201122000221022101210112210121010221022001220120]
[930.7224662756906 1 ({:upper (0 1 0 1 2 3 2 4 5), :is-main true, :lower (0 1 3 4 2 4 3 4 2 5)}) 122220100100101112112200022001022220110101222000112200012220001122001 22220002210221022001220022201222102201210220012210121122000221022102201110220112210112201022010221022010220111122102210102200222010221010220101222102201212220102210221012101222100220020221010010221022101022011022101011022101122011220012210221022011220022200222102200022012220012210220101110]
[919.1237675593495 1 ({:upper (0 0 1 2 3 4 0 0 5), :is-main true, :lower (4 0 3 2 4 1 4 4 1 5)}) 1222201000101112220000022001022220112200001211220001022000220001022001 2222000221022102201122010122210220102201122002221022002220022201022102210220101022001221022002220101122102200222011220112210221022010220112200022102200111022100102200122102210112201112221022010112200122101011220002210221022002100221010220020221022001022000221022102200210220012210220011022012221022002010]
[974.5338645763381 1 ({:upper (0 1 2 0 3 2 4 2 5), :is-main true, :lower (0 4 2 1 4 3 2 4 4 5)}) 122220100101101211220001122001022220110220001110220001211220002200022001 2222000221022102200200221022011120221022012220021122102210220022201222001221022000101222101210220002210221022012022012221012220112200122102201122002220102210221022000220122201122101122001220012210022011220112210221010011221012002210220022200011221022102200211122210220010122210220022201022001]
[924.2099958820394 1 ({:upper (0 1 2 2 3 4 0 5 1), :is-main true, :lower (4 2 4 3 4 3 0 5 1 3)}) 122220100101111122200002200110022220112200011220001222000120220011012 2222000221022102200222002220122210220001122002221022011220022200222102210102200022011221022002220012201222101012220102210221022002022002221022010220002200122102201022002220002210221022011111022101002200122100122200222102210112200202210121102210011220012210221022002101122101222012102210220122200222011]
[951.5319071745888 1 ({:upper (0 1 2 3 1 1 4 1 5), :is-main true, :lower (4 4 2 0 5 0 5 0 3 1)}) 12222010010111210102200010220010222201122000220001102200102200101210 2222000221022101022011112210102200122001221022001120221022101222010220122210220112201122012221011220001122102210100102210220021122011221012220122201022102210220021022012221022000220111122102200222011220022210221011002210220101202210111102210221010220011122102200222012220022210220101022002]
[934.8624044075963 1 ({:upper (0 1 2 3 0 2 4 5 0), :is-main true, :lower (0 5 5 5 2 4 4 3 3 1)}) 12222010010111201122000220010022220110220012200122001112200022000121210 222200022102210220002201022011221022002220102201122102201022010220122210221022012220122200222101210220122210102201222000221022102201022012022102201022012220112210220111010221022102201222001022101222001102210220022200212221022101112022101122000022102201202201222102210220010220102210220012200022001221001111]
[924.202781337907 1 ({:upper (0 1 2 1 3 4 2 1 5), :is-main true, :lower (0 1 0 0 2 4 4 3 4 5)}) 12222010010111012220001110220010222201101000112200022000122200022001 2222000221022101111112210110220012210111202210221022002220022200222102201002200022102200110220112210221022012220122201122102200112220002210220111022011221022101022012022102201022000122210220001011221022101022001122210220021102210220021022000221022101122002220012210122200202210220021222002]
[784.866102474318 1 ({:upper (0 1 1 2 3 4 0 1 0), :is-main true, :lower (4 3 2 5 2 5 1 0 5 4)}) 12222010010101112220000100022220112200012112200111220011002200122000 2222000221022102201002200222102200222001220112210220022201211221022102201110220112210220102201212221022002220121022102210121122001221022000220021222101122001112210221012220002200022101022001220112210112200022000221022102200202200022101122010220002210220022200022001221022101211112210101022000221022010022000]
[879.3095531174205 1 ({:upper (0 1 2 3 4 4 5 4 4), :is-main true, :lower (0 3 3 2 5 3 0 3 1 4)}) 122220100101112220002200022001220002200002222011012121122001120121022000 22220002210221022012220011222101210220002210220101110221022102200211220122210111022012221001222012221022101022000220112210122200102210220012200222002221022102200012022101201222102200011022102210102201122001221022011220112201122102200222002112210221022010112201122101212220112210220002201222010]
[881.5936029914674 1 ({:upper (0 1 2 3 4 0 5 0 0), :is-main true, :lower (0 1 1 5 2 4 3 2 4 5)}) 1222201001011122200002200100022220110101022001112200012112200022001 2222000221022102201222012220112210220102200122012221022012220022201022102210220021102210022010022100022001221022101222002220002210220112201011221011121122102210102201122002221022011102200022101122002220122210221011220022200022101201022102200000221022101122011220102210220020112210112201122002]
[880.9376403674181 1 ({:upper (0 1 2 1 0 3 0 4 5), :is-main true, :lower (4 5 0 2 4 2 3 2 3 1)}) 12222010010111001202200022001022220112200022001011220001112111210 2222000221022102200222000220102210220002201022010221022002220021222102210122201222000221022002220022201022102200210220112210221010120221001122010221012011221022102200022000122210022001220112210010220022210221011220111122101022000220002210220101012221022101022010220012210220100220022210220002201222001]
[928.9642040383294 1 ({:upper (0 1 2 3 4 5 5 0 5), :is-main true, :lower (3 4 0 0 3 3 2 1 3 5)}) 12222010010111222000220012200102200102222011122200000121211101222001 22220002210221022012112200222102201011220112210220112201022000221022101222011220012210112201022011221022012121022102210220102201002210220002200110221012002210221010011221012011221012220000221022101222000220102210220020220012210102201222011221022102201001022102200022011220122210112200022001]
[892.5785657754328 1 ({:upper (0 1 2 3 4 2 3 5 4), :is-main true, :lower (0 2 3 1 0 0 5 5 5 4)}) 12222010010111222000111222001220000222201101112100022001220012200122000 222200022102210121111221001022011221022010110221022102201210022101202200222102200210220022210221022000220122200022102201201122101111220122210221022010120221022001220122201122102200110102210221022011220001222102200222010220002210220102200002210221012011221022012110221012011]
[966.8287826445037 1 ({:upper (0 1 0 2 0 3 4 3 5), :is-main true, :lower (0 2 5 1 2 2 3 4 1 2)}) 12222010010011012220001222001022220110112200110111112220001011 2222000221022102200010122210220122201222002221022002220022200022102210220002201222012221002200110221002200222002221022101122002220002210001222102200022001022102210220122201211221011220102200022101022012022102210220011012221010220122201022102201022012112210221022011220002200022101022010220022210220102201111]
[950.7930419053779 1 ({:upper (0 1 0 2 3 4 0 4 5), :is-main true, :lower (4 2 0 5 1 1 1 3 3 2)}) 12222010010011122200002200022001022220112200011022001101010121211 2222000221022102201222011022102201222011220012210220102200122012221022101222010122210101010221001122002221022102201122002220102210220022201022011221022012220011122102210111222001221012022000221011002210221022010220122201222101022002220022210220002201222001221022102200122000220112210220002201002210220022201222011]
[761.2897124595638 1 ({:upper (0 1 2 3 3 4 1 2 2), :is-main true, :lower (0 3 5 2 0 1 4 4 5 5)}) 122220100101112122200010111102222011012220011101022000220002200122001 2222000221022102200211220002210220011022001221022001220010221022102201122010220002210220122200222000221022012102200222102210220122201122012221022002220101222100220111022102210220022200211221022010220122200122100220102201122102210101010221022012102201022102201011220012210221011112200122101112102210220111122000]
[914.1504759340042 1 ({:upper (0 1 2 3 0 0 4 5 0), :is-main true, :lower (5 2 1 3 4 2 2 4 1 0)}) 1222201001011120022000220010022220112200111101222000111122000100 22220002210221022010122201022101222011220102210220112201222012221022102200022001220122210112201211221010010221022101111220002210022000022101212220012210221022001120221022001220012200222101222000102210221011220002201022100220002200022102200112220002210221022012220101022101022001220102210220112201022011]
[962.6992184181123 1 ({:upper (0 0 1 2 3 4 1 4 5), :is-main true, :lower (2 0 5 5 3 5 3 4 5 1)}) 122220100010111222000102200022001022220111102200122001122200112220002200110 222200022102210220122201022012221012220001122101212220112210221022011022011221022012220102200122102201222011220012210221022011220102201022101022012220002210220122200011221022101110112210220121022012221022002220122201122102210122201122000221022012220111022102201222010220022210221022011010221022000220012200122101000]
[903.7781725496936 1 ({:upper (0 1 2 0 0 3 4 5 0), :is-main true, :lower (2 5 4 1 3 4 0 5 4 1)}) 1222201001011001222000220010022220111122001220001012220000220012200010 222200022102210220121222001221022002220121122102200022011022102210220102201111221012220011122101122001112210221022012220021022102200012112210121112221022102200222001112210220112200222001221022012220001222102210120220112210101002210101211221022101222011022101222000112210220011022010]
[848.7705582149365 1 ({:upper (0 1 0 2 3 1 4 5 0), :is-main true, :lower (3 5 4 5 5 0 2 4 2 1)}) 12222010010011121022000220010022220111222001220002200122001011220001110 2222000221022102201022012220122210220112201212221022010220022200222102210220102201022012221022000220012200022102200222002102210221022000112201022101022010220102210220021012221022101111220012210220110102210220021222012221022102200101022101222012102210012022102210111222011221022002022000221012011]
[934.3179572656032 1 ({:upper (0 1 2 3 1 4 4 5 1), :is-main true, :lower (0 1 5 4 1 5 5 3 2 5)}) 1222201001011121022000220002200110022220110102200122000102200122001121122001 2222000221022102200222010220002210220111102210220110220002210221011220112201122102200122000022102200222011220112210221011022002221011220121222102200222000112210221022000112201122101011220012210102201022010221022102201222001122210220122201222000221012022002221022102200010220102210010102210101012]
[977.5385350277761 1 ({:upper (0 1 2 1 2 3 1 4 5), :is-main true, :lower (0 2 0 1 0 3 3 5 2 4)}) 12222010010111011121022000220010222201101101001212220011122000 22220002210221010122201122102201011220002210102200122011221022102201222012220002210012220022210220011222010221022102200122010112210121011221022001101022102210100022101102201122102200000221022101011220012210220002201112221012122200122102210111002210120220112210220102201010]
[943.0527441418186 1 ({:upper (0 1 2 3 4 5 2 2 4), :is-main true, :lower (0 0 3 1 2 0 5 0 4 5)}) 1222201001011122200022001111122000022220110012101102200102200022001 22220002210221022000100221012220001222102200012102210221012220102201222100220122200022101022000220012210221022011220102200122102201022002220112210220101110221022101222010220012210101210221012102201022102210220111222000221022000220102201222100122201122102210220101002210121122010221002200222012]
[878.3253505736603 1 ({:upper (0 1 2 3 4 5 2 2 2), :is-main true, :lower (0 1 5 4 5 1 5 5 3 2)}) 1222201001011122200022001111111022220110102200122000220011022001220011211 222200022102210220122201010221010220002201022102200222010220002210221011110221022010102200222102200122012022102210220122201011221022012220122201022102200022010022102210220121222012221022012220012201022100220121122102210102201222010221012122200222102201210220012210221011101022102200222001102210121222001]
[749.948532960656 1 ({:upper (0 1 2 3 0 4 2 4 4), :is-main true, :lower (5 2 3 5 0 5 1 5 4 5)}) 122220100101112022000112200022000022220112200111122200102200110220012200022001 2222000221022102201110220122210220022201112221022000220022201022102210101122012221011220102201122102201122010220002210221022002220120221022011220121222100220122201022102210220021022011221022001122201122102200122001220022210221022010220111022101122011220112210220101122011221022101022002122210220022200011221012100]
[433.9312868367751 1 ({:upper (0 1 2 3 3 3 4 5 2 4), :is-main true, :lower (3 5 2 0 4 0 1 3 0 5)}) 1222201101011121212220002200111220000222201112220011102200001012022001 2222000221022102201002200122102200012220102210220010220012210221010112200022102201222012220002210220011122011221022102200111112210220112200022001221022010102200122102210112201222011221022010220112201122101122001022102210121022010221022001220002200122102201022010112210221012220122201222101011220002210220101111]
[873.6929010433934 1 ({:upper (0 0 1 2 3 4 3 0 5), :is-main true, :lower (3 5 2 5 4 5 3 1 0 5)}) 12222010001011122200012022001022220111222001112200122000220011210022001 22220002210221022002112201122102200212220102210220021211221022102201022011112210111022012221012220002201022102210112201222000221012012221011220021222102210220112200222001221022000220022200022102200211220012210221010112201022102200222000122210022001220102210221022000121222101000221011022000]
[929.7020239358371 1 ({:upper (0 0 1 2 0 3 4 5 0), :is-main true, :lower (2 5 4 5 5 3 0 1 4 1)}) 1222201000101101222000220010022220111122001220002200122001120102200010 222200022102210220001122012221022010220102200122102200222012220022210221022010022001221010112201122101022000220002210221010220121222100112201122101212220012210221022000102200122102200222001220002210112201222002221022102201111122210220102200122000221012011221022101022010220022210101010221001112]
[980.0128440633334 1 ({:upper (0 1 0 2 3 4 1 5 0), :is-main true, :lower (0 3 1 2 4 3 3 5 5 5)}) 12222010010011122200010220010022220110121011220001212220012200122001 2222000221022101022012220102210220112201122011221022012220122201222102210220100220112210220022200010221022001112200222102210220101012221012220120221022010220022201122102210220002201122000221010220001222101222000022102210220121122012221012122200222102200222001022102210220002200222011221011002210101110]
[951.9031044994067 1 ({:upper (0 1 2 3 3 0 1 4 5), :is-main true, :lower (5 0 3 2 2 1 3 4 2 4)}) 122220100101112120102200022001022220112200101211111012220001122000 222200022102210220012201211221022000122201122102201101222102210220022201022002221011120221022010220121222102210220012201211221002200202210022011022102210111222010221022000220101122101222012220022210221010220121222101010112210102200112221022102201011022101022012220112210220012200011]
[954.9485403726432 1 ({:upper (0 1 2 3 4 5 2 4 5), :is-main true, :lower (0 1 2 4 0 3 3 3 3 5)}) 122220100101112220002200111220002200102222011010112200001212121222001 222200022102210220012201002210112201022002221012112201022102210220121012221022012220121222102201111102210221011220101222102201202201122102201212220102210221022000022001221001102210101010221022102200222012112210220002200211221022001120221022102201122010220012210220002201022011221022002022011]
[885.213974973852 1 ({:upper (0 0 0 1 2 3 4 3 5), :is-main true, :lower (5 2 1 5 0 5 3 4 2 3)}) 12222010000101112220001222001022220112200111102200102200112220001112 2222000221022102201012022102201211220022210122200222010221022102200122001220122210220021102210120112210221012101122100102200022101222012102210221022012220022200122102200022012102210022002102210221022011121022102201022011022101122011220002210221011010221010220110221002200022000]
[958.2092707685813 1 ({:upper (0 1 2 3 1 4 5 1 5), :is-main true, :lower (0 4 5 1 1 2 0 3 3 4)}) 122220100101112102200022001102200102222011022000220011010110121222000 22220002210221011111022102201022000102210022010112210221022012220122201022102200222010220122210220022200222001221022101222002220112210121110221022010110221022101122012220112210010022101222002112210221022002002210101202210220000220122210221022002220111222102200011220112210220121022012]
[945.2582698462674 1 ({:upper (0 1 2 0 0 3 4 5 0), :is-main true, :lower (2 1 4 5 2 2 5 2 3 0)}) 1222201001011001222000220010022220111110220002200111112200111120 2222000221022102200022012220112210220102200222012221022000220002200022102210220102200122000221011220022201122102201022011112210221011022000221022010112200022101202200122102210102200012221002200122011221022011101222102210220002201012221010122200222100220000221022101022000102210220101002210220001011]
[924.0656073723195 1 ({:upper (0 1 2 3 4 4 5 2 1), :is-main true, :lower (0 3 3 3 4 1 3 5 2 0)}) 122220100101112220002200022001111002222011012121222000101222001110 222200022102210111022001221011111022101222002220112210221022002220122201222102201022002220022210220012201122002221022101222011220022210220022201202210102201222011221022102200001122101222000112210220100102210221010220111222102200122012102210111102210221022002220012201122102201122000220112210220111222012]
[900.4288154755758 1 ({:upper (0 1 2 3 4 4 4 5 4), :is-main true, :lower (1 1 5 1 1 5 3 2 4 0)}) 1222201001011122200022000220002200122000022220111010220011010220011211220000 22220002210221022012220002200222102200102201222100220102200122102210220011122002221010220100221002200202210221022011111222102201022011112210220112200111221022102201222001112210220101010221022001022012221022102201222012220122210220011122000221022000220021122102210111011221002200102210220022200011]
[805.9696931115985 1 ({:upper (0 1 0 0 0 2 3 4 5), :is-main true, :lower (3 4 4 0 2 4 1 5 4 4)}) 1222201001000011122200022001022220111222000220000112200010220012200022000 22220002210221022000220122201122102201222011022102201010112210221022002220102201122102200111102210122200222000221022101011220112210112201210221012220001022102210220122201211221022010220102201122102200002201222102210112201112221000220022210112200012221022102200112220002210022002220102210220011222010]
[912.5042124627237 1 ({:upper (0 1 2 3 3 4 5 3 3), :is-main true, :lower (2 5 4 4 3 1 4 5 0 4)}) 1222201001011121222000220011212022220111122001220002200012102200022001022000 222200022102210220102201102210220000022101222011220112210221022010220100221022002121222102200022001220012210221011220002201022101101122102201122010122210221022000101022102201222010220102210220012200112221022102200010112210110022101222012022102210112200122000221022012010221002200111]
[916.6058620739643 1 ({:upper (0 1 2 2 3 2 4 0 5), :is-main true, :lower (0 1 2 4 2 5 3 5 5 5)}) 122220100101111121122000022001022220110101122000112200112220012200122001 222200022102210220101222010221022001220020221022011220112201222102210220011022010221012220122200122102201112220022210221022000220111222102201122011220122210220112201022010221022101022002220122210220101122012221022000220022200022102210220111022000221011102201022101122012102210221022000121222102200010220012210101010]
[908.0779039759207 1 ({:upper (0 1 2 3 3 4 2 3 5), :is-main true, :lower (0 1 1 4 1 5 1 3 1 2)}) 1222201001011121222000111222001022220110101022000102200110121011 22220002210221022002220022201222101122000022101112102210221010102200222101222000102210100112210221022010112200222102201222002022101110220122210221022012120221022012220022200122101022010220102210221022012111122101210102210220001222002221022102201110220022210111022001221002200122001]
[849.4044660139014 1 ({:upper (0 1 2 3 0 4 4 5 4), :is-main true, :lower (2 2 2 5 3 2 2 1 0 4)}) 122220100101112022000220002200122000022220111111112200112111110022000 2222000221022101022011220012210220022200222012221022002220101022102210220001122002221022012220022201222102201012102210221010101122102201011102210121122000221022101202201022100220001122102201022010220102210221022012220022200022102200022012102210220110102210221022001220112200122102201222001112210220022200212]
[871.0088275829135 1 ({:upper (0 1 2 1 1 0 3 4 5), :is-main true, :lower (0 4 2 5 2 5 5 5 3 1)}) 122220100101110100122200022001022220110220001122001112200122001220011210 22220002210221011220110221022002220012200222102201022002220112210221022010220101122102201222012220022210111222012221022101111220122210022002220112210220122201102210221022012220022201122102200111220022210122200022000221022101222000220112210120102210220110220012210221022010220022200122101000221001011]
[905.4544597264597 1 ({:upper (0 1 2 2 3 4 2 2 5), :is-main true, :lower (3 1 4 0 5 5 0 0 2 5)}) 12222010010111112220001111220010222201112102200002200122001001122001 22220002210221010102200022100121122101110220002210221022010220022200022101022000220102210102200222001221022102200022011220122210220012200122002221011220022200122102210220022200210221012220011022101111220122210221022001220110221022002220110221010220011222102210220012201022010221022002002210101212]
[924.7392974089335 1 ({:upper (0 1 1 2 0 3 0 4 5), :is-main true, :lower (4 1 0 2 5 2 2 4 1 3)}) 12222010010101101202200022001022220112200010011220011111220001012 2222000221022102201122012112210220002201122002221022001220000221022102201122012022102201012122210001122102210220022201122002221012120221011012221022101022010220002210112200112221022010102200222102210110220112210110102210101012221022102201222012112210022001220112210220002200222011]
[960.7844941265533 1 ({:upper (0 1 2 2 3 1 4 4 5), :is-main true, :lower (3 1 1 5 4 2 5 3 0 3)}) 1222201001011111210220002200022001022220111210102200122000112200112012 22220002210221022000220002201122101122011220122210220121122002221022101022002220112210022011122210120220122210221022010101222101122010122210102200222010221022101111022101200221001102210221022001012221022000220122201222102200122010220002210221011220011022102200022010220012210220121012]
[901.2216158188912 1 ({:upper (0 1 2 1 3 1 4 5 4), :is-main true, :lower (5 3 2 2 0 1 5 4 2 4)}) 1222201001011101210220002200122000022220112200112111101022001220001122000 2222000221022102200002201122101111122210220120220012210221022001121122102200222012220002210220122201212221022102201022000022100121122100012221022102201222001220122210122201202210022011220122210221022001220012201022101022001220012210102201222000221022101011122210012220102210220011022011]
[905.005633234082 1 ({:upper (0 1 2 3 4 1 5 1 4), :is-main true, :lower (0 0 3 1 0 0 4 3 2 5)}) 1222201001011122200010220011022000022220110012100022000121122001 222200022102210220021012221012101222102201012220002210221012220112201222102201222010220122210122201222001221022101122001022102200022012220022210220012201102210221022002101222100112200122101102200122102210220012201222002221022002220112200122102201022010220122210221022001220012200222102200022010122210220112201022000]
[781.4034767825825 1 ({:upper (0 0 0 1 2 3 4 5 0), :is-main true, :lower (2 1 1 3 5 0 1 1 3 4)}) 1222201000010111222000220010022220111110101222001010101222000 2222000221022102201211220112210122201122012221022001220112200022102210100122210220001210221022001012221022102201122011220102210102201222000221010111222102210102200022010221022012220122201222101022010102210221022000220000221022001220101022101122000220102210221022010220111022102200022001220012210220102201210]
[907.7073839588135 1 ({:upper (0 1 2 0 0 3 4 5 0), :is-main true, :lower (0 1 2 3 4 2 2 5 1 2)}) 1222201001011001222000220010022220110101112220001111220011011 22220002210221022002101222101122012220122210220102201222000221022102201122011022101222012220122210112201022001221022101111122210022011102210001022102210220112200002210220021112221022000002210221022012220102201122102201022011220102210220101022012221022101110220012210220011022002221002201022012]
[827.714672616745 1 ({:upper (0 1 2 3 3 4 4 5 3), :is-main true, :lower (4 2 3 2 5 2 1 0 2 2)}) 1222201001011121222000220002200112022220112200011121122001111001111 2222000221022102200022010122210220102200210221011220111222102210112201122001221011220021122102200112220012210221022000002210101102210101222012221022101012220122210220111112221022012220112200022102210101110221022012220101022101222002122210221022000220001022101212122210220022200012]
[948.4253246520298 1 ({:upper (0 1 2 3 1 2 3 4 5), :is-main true, :lower (0 3 1 1 1 0 4 2 0 5)}) 12222010010111210111222000220010222201101210101002200011022001 222200022102210220022201211221010220021022102200000221022101012220012210220021222000221000220022210221011022002221022002220122200022102201222001220012210221012220112201122101222011220122210220122201222002221022101200221022001220101022102200010122210221022000220121122100220022201022102200200]
[805.1470235264856 1 ({:upper (0 1 2 2 3 4 5 2 0), :is-main true, :lower (4 2 1 5 0 3 3 0 3 3)}) 12222010010111112220002200111002222011220001110220010121201212 222200022102210101222012221002201022010221022001220010221022101022000112210220022201122000221010102201222102210220022200122000221022011220112200022102201010220022210221012022012221001111221010220010221022102200222000102210220002201022011221012022011221022102200111220122210220021122001221022012022010]
[932.3900523490466 1 ({:upper (0 1 2 3 0 4 2 5 3), :is-main true, :lower (3 1 5 5 5 2 0 1 3 4)}) 122220100101112022000112200112022220111210220012200122001110101222000 22220002210221022011102201122101222002122210112201022000221022102201122001122210022011022102200022002022102210102201222002221022010220012201122101010022102210220012200012221022012102201222102201222010102210221022012220010221022001220010221022010220012200122102210111211221001022010221001011]
[936.1885184105693 1 ({:upper (0 1 2 3 4 1 1 5 0), :is-main true, :lower (3 3 0 2 2 2 3 4 1 5)}) 122220100101112220001010220010022220111212011111112220001022001 2222000221022102201102200222101201222100220102201122102210220012201222010221022010220021022102200222001220112210221011022012221022012102200022101010102210221022001111022100220001022102201022012102210221022012111122101022002220102210012220112210221022002002210110220102210220022201022011]
[926.7886709836937 1 ({:upper (0 1 1 2 3 0 4 5 3), :is-main true, :lower (2 2 0 5 2 2 2 1 3 4)}) 122220100101011120220002200112022220111111022001111111101222000 22220002210221022012120221022010220102200022101211220102210221022001022001221022010220022200022102201122010220122210221022000100221022012102200122101110112210221012220112200222102200001022102200122001220002210221011220102200122101022010220022210220122201011221022102200222000022102201022000220112210122201022010]
[928.6570196175209 1 ({:upper (0 1 2 3 1 4 5 2 1), :is-main true, :lower (1 3 5 3 4 0 2 1 3 5)}) 1222201001011121022000220011110022220111012220011222000011101222001 222200022102210220002201022001221002200022000221011220100221022102200110220012210220121122000221022000102201022102210112201222001221022012101222102200022002220122210221011120221010220101222100111222102210220012201222010221011122200022100111222102210220120220102210100102210121222002]
[961.913711298456 1 ({:upper (0 1 1 2 3 1 4 0 5), :is-main true, :lower (4 0 2 5 3 5 1 1 2 5)}) 122220100101011121022000022001022220112200001122001122200110101122001 22220002210221022000220102201022102201122001220012210220101012221022101022012102210220101222000221022011220002200122102210102200002210022000220112210022002220002210221010022000221010220121022101202201022102210220102201010221010220102200122101012220022210221010121022100110221022000120]
[957.0841231003305 1 ({:upper (0 1 1 2 3 4 3 5 3), :is-main true, :lower (0 2 5 4 1 4 2 2 0 3)}) 122220100101011122200012220011202222011011220012200010220001111012 22220002210221022000220020221022000220001122101102200022102210220022201022001221022001122200122102201022011220002210221011012221001222001221011220121022102210220002201122010221010220012201122102200202200122102210220100102210120102210220112200002210221011220121122102201222011122210220122200122002]
[953.6985089663713 1 ({:upper (0 1 2 1 3 4 4 5 5), :is-main true, :lower (0 1 0 2 4 3 0 2 1 5)}) 12222010010111012220002200022001220010222201101001122000120111022001 22220002210221012010221022011022001221012101122102210122200102210220002201010221010122201022102210220100022102201022012220112210122200011221022102200202200022101022001122210010220112210221022011011221022010220101222102200012220122210221022001220112201122101011102210220022200122000]
[923.5786507443221 1 ({:upper (0 1 2 2 2 3 2 4 5), :is-main true, :lower (4 1 2 0 1 3 3 3 5 5)}) 1222201001011111112112200022001022220112200010110101212122200122001 22220002210221022012220012200222102201011220102210220002201022012221022101022001220102210102201010221001022002221022102201022010220022210220021122001221022000220122201122102210102200102210011022102201122000102210221022002102201022102201222001122210121102210221010220102200122102201111220022210220012200010]
[896.1406619477129 1 ({:upper (0 1 2 3 4 5 4 3 4), :is-main true, :lower (0 4 5 2 1 1 3 2 2 4)}) 1222201001011122200022001220001222000022220110220002200111101012111122000 22220002210221022010112201022102200112022101011112210221022010022010221002200022012221022011022010221022101122011112210100022100111222102210110022102200122010220122210220022201111221022102201122011220112210220102201222001221022012220102201222102210220011210221022001220012200122100220010]
[953.7525799168081 1 ({:upper (0 0 0 1 1 2 3 4 5), :is-main true, :lower (2 2 5 4 3 4 1 3 4 0)}) 12222010000101011122200022001022220111111220012200012220001012220000 2222000221022101222002220112210220012201222010221022012122200122102210220021002210220100220012210120220102210221012220121122101022010102210120220012210221022000102200022102201222000122210022010022102210220101111221000112210101011221022102201222012220112210022000220122210220102201112]
[980.1119911053206 1 ({:upper (0 1 2 1 3 2 4 1 5), :is-main true, :lower (3 5 4 3 0 4 4 0 2 1)}) 122220100101110121122000102200102222011122200122000120220002200001110 22220002210221022000010221022010100221001122011221022102201122012220122210102200122000221022012220021222102210220022201222001221022010220110221002200012221022101112022102201122010220002210220121011221022102200001022102200222002220002210220111202210221010220022200022102200011102210220022201122000]
[945.095418525312 1 ({:upper (0 1 2 0 0 3 4 5 0), :is-main true, :lower (3 4 1 2 5 5 2 4 4 0)}) 1222201001011001222000220010022220111222000101122001220011122000220000 22220002210221012220022201222102201022010220112210220102201122010221022101211220012210122200122000221022011220101022102210121010221002200202210220101010221022102200102200022101222010102210220022200210221022102200212220012210011112210101122001221022101222001102210120220022210220021022001]
[424.35216747853167 1 ({:upper (0 1 1 2 3 4 5 1 0 2), :is-main true, :lower (5 4 0 3 2 1 0 5 2 1)}) 1222201101010111222000220011001102222011220012200001211100220011110 22220002210221010220112201122102201001222101222012220112210221022000220012200222100220112200222102201222001102210221022011120221022000220010221011220002201222102210101222011221022011101022101122001220122210221010220121022101112102210220120220002210221022012220020221002201011221022010012]
[953.2429225510289 1 ({:upper (0 1 2 3 0 4 5 4 5), :is-main true, :lower (3 1 0 5 4 3 1 1 2 5)}) 122220100101112022000220012200022001022220111210022001220001210101122001 222200022102210102201122002221022000122201022101112122210221022000100221022000100221011220102201122102210220120220002210121122002221012121022102210112201002210112200202210121102210221022011220002201122102201202200222101011220012210221022012220112201222101022001220122210220012200122002]
[943.2949121212064 1 ({:upper (0 1 2 3 3 1 3 4 5), :is-main true, :lower (0 3 2 4 1 5 5 4 2 5)}) 1222201001011121210122200022001022220110121122000102200122001220001122001 222200022102210220012200212221022000220110221022002220021022102210220012201010221022001220110221022012120221022102201122011102210220002200011221011010221022102201222000220122210220112200022010221002200122001221022101201122101012022102201122012220112210221010220120221002201002210122200022011]
[889.727717851932 1 ({:upper (0 1 2 3 4 5 1 4 4), :is-main true, :lower (2 0 2 5 4 3 2 0 2 1)}) 122220100101112220002200110220002200002222011110112200122000121101110 222200022102210220022201110221011022010221010220112201122102210220122201122011221022011022000221022012122201122102210112200111221002201010221010101222102210220021222011221001222001221012220121222102210220101122011221022011220012201222102200122000220102210221010102201222102200122000112210122200222011]
[864.4639572283766 2 ({:upper (0 1 0 2 3 4 1 1 5), :is-main true, :lower (3 4 3 3 1 3 2 3 0 5)}) 122220100100111222000101022001022220111222000121210121112022001 222200022102210111022001221022001220020221022012220012201222102210220101022011221022010120221011220112201022102210220110022101101222102200012220112210221022002002210102200202210112201011221022102200101022102200222010122210011022102210220002200122010221022011022011221022001010]
[980.285931266982 1 ({:upper (0 0 1 0 2 3 4 5 0), :is-main true, :lower (0 4 5 4 1 4 5 4 2 3)}) 1222201000100111222000220010022220110220002200122000102200022001220001112 222200022102210220112201222000221022002220002201222102200022011220112210221022012220002200222101122012022101022012220002210221022011110221011101222102201212112210221022012220112201022102200102200222101022010220122210221022001102201222101022000022102200000221022102200110102210112201022000221011120]
[896.4362823855556 1 ({:upper (0 1 2 2 3 4 5 1 2), :is-main true, :lower (4 4 5 5 1 5 5 0 3 2)}) 1222201001011111222000220011011022220112200022000220012200110220012200101211 22220002210221022000112200222102200222011112210220012201211221022102200222000220112210220122201011221002201022002221022102200222000220022210012220122210220021122011221022102201211220012210220002201122000221022001220020221022101011220012210111112221022011102200122102210121010221022012022001221022000010]
[846.7509560623348 1 ({:upper (0 1 2 3 4 0 5 4 4), :is-main true, :lower (5 3 5 4 2 1 0 2 2 2)}) 122220100101112220000220012200022000022220112200112220012200011100111111 222200022102210220011211221022002122200222102200122010220002210221010220011222101222012102210220021022001221022101001022102200011220002210102200110221022102200122011022102201212220022210220000112210221012220102201222101122000220012210220112200022000221022101122000022101210220012210102201022002]
[933.035712309294 1 ({:upper (0 1 1 2 0 3 4 5 1), :is-main true, :lower (0 1 3 5 2 2 5 5 5 4)}) 122220100101011012220002200110022220110101222001111122001220012200122000 22220002210221012122200222102200122002220102210220102201211221022102201112220022210112200022010221022000220112201022102210121112221002200222011221022002111022102210101022001221022001010221010220002201022102210220002200122010221022002220012200222101001122102210220001222012221010102201222100022001]
[997.2253603158301 1 ({:upper (0 1 0 2 0 3 4 5 0), :is-main true, :lower (4 0 5 3 3 2 1 5 1 1)}) 1222201001001101222000220010022220112200002200112121110220011010 222200022102210220022200022002221022010220002201122102201222012220002210221022002220001022101012022101010102210221022010101122102200111112210220102201022010221022102200122001220002210022002022102200212022102210220111211221011122200222102200022010220102210221012112201022101111220002210220002200122010]
[871.011249543573 1 ({:upper (0 1 1 2 3 1 4 5 1), :is-main true, :lower (0 0 3 5 0 4 0 1 2 0)}) 122220100101011121022000220011002222011001222001022000010110 222200022102210220002200110221022000121122101110112210221022000220102201022102201211220112210122201122010221022102200212220102210022010220022210220010112210221022011220101222101022010112210220022201022002221022102201101122101222010220122210122200122001221022101022000102210220011102210121122001]
[924.4651625004914 1 ({:upper (0 1 2 0 0 3 0 4 5), :is-main true, :lower (0 1 4 4 4 3 5 2 4 2)}) 1222201001011001202200022001022220110102200022000220001222001112200011 22220002210221022011120221022001220112200122102201122000220022210221022002122201122102200022012220112210220022200111221022102201122010112210122201111221022002122201022102210220111212221002200122000221022010220022200022102210120220102210220011110221000112210221022001022001221000220012210220012201011]
[930.722089246747 1 ({:upper (0 0 1 0 2 3 4 5 3), :is-main true, :lower (3 5 1 1 1 4 0 2 3 3)}) 12222010001001112220002200112022220111222001101010220000111212 22220002210221011220122200122102201100221022011220121222102210111112221000220002210011102210221010220101122102200222011102210220102201122001221022102201211102210022010122210220002201122001221022102200122001122210122201222000221000220022210221011112200122101122001220122210220112200122002]
[905.2733360672333 1 ({:upper (0 1 2 1 3 1 4 5 1), :is-main true, :lower (3 3 1 2 5 4 3 3 0 1)}) 1222201001011101210220002200110022220111212101122001220001212010 2222000221022102200001222102201102200222102201202201022102210220022200122001221022010220112201122101122010220012210221022010220011222102201011102210220112200212221022101100221022012111022102201002200222102210220112200110221022001121222100111022102210220012200102210220012200102210220012200210]
[1014.3190522483361 1 ({:upper (0 1 0 2 3 4 5 1 2), :is-main true, :lower (3 3 4 3 0 1 4 5 2 4)}) 122220100100111222000220011011022220111212220001201022000220011122000 2222000221022102200110112210220102201022002221010220102201122102210112200222000221022011220010221002201222001221022102201022000220012210112200122012221022002220002201022102210111102210121010221022012002210221011220021122101012022101122010112210221022000022002221001002210220111222011]
[934.2560554301883 1 ({:upper (0 1 2 3 4 2 5 4 4), :is-main true, :lower (0 4 3 0 0 1 2 1 5 4)}) 12222010010111222000112200122000220000222201102200012001011102200122000 2222000221022102200101022101010102210220021102210221022002220000221022002112200022100111222102210220021102210220121022011221022012122200022102210220012200222011221011102201022100220122200222102210220002201222001221011220102200222102200222011220112210221022002220012200122101210220022210112200122000]
[942.1457633681865 1 ({:upper (0 0 1 2 3 4 5 1 1), :is-main true, :lower (3 2 5 1 3 0 3 4 2 4)}) 122220100010111222000220011010022220111211220011012012220001122000 22220002210221022012220111122102200122011102210220111122001221022102201022010220102210122200122011221022001220112200222102210122200102210022012022100011221022101010220022210022000220022210101211221022101211220012210220000220002210102200222001221022102201112220122210102200210221002201011]
[882.3974915498206 1 ({:upper (0 1 0 2 3 0 4 4 5), :is-main true, :lower (5 2 3 4 2 0 2 1 5 2)}) 12222010010011120220002200022001022220112200111122200011011102200111 2222000221022102201022011112210220101122001221010220122200122102210122201022010221001122011221022011102201122102210121102210010102210220022200022000221022101122011122210022000102210220102200022001221022102201222002220112210022002112210220012201122012221022102200122001220012210121011221022001220000]
[973.8238086295645 1 ({:upper (0 1 2 1 3 3 1 4 5), :is-main true, :lower (2 1 5 0 5 4 3 0 0 5)}) 12222010010111012121022000220010222201111102200102200122000120022001 22220002210221011022011221022001220112200122101011220102210221022010220011022101210220112210220022201022011221022101122010122210022000220012210220002201102210221022000022010221022011220101022102200222012220022210221022002220100221011010221022011220112200022102210112200102210220001022000221010010]
[994.064007094735 1 ({:upper (0 1 2 3 4 5 5 5 4), :is-main true, :lower (0 2 2 3 2 1 4 5 5 1)}) 1222201001011122200022001220012200122000022220110111112111022000220012200110 222200022102210122201222002221022011220122201222102201112102210221022000111122102200110112210101022000221022102200011122210220001111221000022102210101122011221011220111022102201022012220112210221022010012221022010220102201022102201111220102210221022010220112201022102200222011220002210220012201022001]
[871.5075518930566 1 ({:upper (0 1 2 2 3 2 4 5 2), :is-main true, :lower (0 2 4 1 5 3 4 0 4 4)}) 122220100101111121122000220011102222011011220001022001122200002200022000 22220002210221022012112200122102201022011220022210012112210221022010122201122102200111220012210022011022102210220022201222012221010220102201022102200022012220012210221010220011122102201222001220102210022010220022210221011220111122101111122210100102210221022000122201222102200122000220122210220021010]
[928.2277182980683 1 ({:upper (0 1 1 2 3 4 1 5 5), :is-main true, :lower (0 0 0 1 3 0 5 5 2 4)}) 1222201001010111222000102200122001022220110001012022001220011122000 222200022102210220020022100102200122102200200221022102201011122210220002200111221022012220002200022102210111111221012220022201222102201022011112210221022001100221001111221022011122201222102210220022201122011221022001220022200022101122011220012210221011111022102200022012220022210220112200122011]
[845.6763281343012 1 ({:upper (0 0 1 2 2 3 4 2 5), :is-main true, :lower (3 3 1 4 4 0 4 5 2 5)}) 122220100010111112220001122001022220111212102200022000022000220011122001 2222000221022102201010220102210220111212221022002220022201022102210122201022002221011022001221002200022012221022102201012102210220112201022011221022010220002200222102210122200210221002200012221022001121222102210220101111221022000220012200122100120221022102201001122101110122210220011111]
[871.0097009983791 1 ({:upper (0 1 2 3 0 0 2 4 5), :is-main true, :lower (3 5 2 3 5 1 4 3 5 0)}) 12222010010111200112200022001022220111222001111222001102200012220010 222200022102210102201022002221012220002200022102201210220102210221022011220111022102201222011022101222001220112210221022002121222102201222000220012210220122201222001221022102201002200122101111022102201110220002210221012122200222101122011112210220022201022000221022101010220002210220011122002221011120]
[889.089101854732 1 ({:upper (0 1 0 2 3 0 4 5 4), :is-main true, :lower (0 1 4 1 4 5 3 2 2 1)}) 12222010010011120220002200122000022220110102200010220002200112111110 22220002210221022012220102200222101122010220022210220001210221022101110102210022002102210010022102210220102201122010221011220021122102200000221022101201122102201222010022100220121022102210102201122002221001010221022001220121022102210220011122001221022000220000221002200122001]
[419.7301488617866 1 ({:upper (0 1 2 0 3 1 0 4 3 5), :is-main true, :lower (1 5 0 0 2 4 4 1 3 3)}) 122220110101101210022000122200102222011102200100112200022000101212 222200022102210220102200022012221022011220012200122102200222002220022210221022012101222100102200222101010220102210221010101122100102201022102200012220022210221022001220111222102200011220002210110220002210221010220002201022102200222000102210101022011221022101022002112210121211221022012022010]
[885.970645084885 1 ({:upper (0 1 1 2 3 1 4 1 5), :is-main true, :lower (3 1 4 0 4 2 4 2 4 5)}) 1222201001010111210220001022001022220111210220000220001122000112200022001 22220002210221022000220020221022002102200222102200210220102210221022002220022200222101210220122210220122200022011221022102201022001122210220022201011221002201022011221022101022000220102210102200122002221022001122201022102210121002210022010112210122200110221022102200202201222101012112210220012201122011]
[895.1788402390529 1 ({:upper (0 0 1 0 2 3 4 0 5), :is-main true, :lower (0 4 2 4 1 4 2 3 5 5)}) 1222201000100111222000022001022220110220001122000102200011122200122001 22220002210221012121222102200111220022210220122201122011221022102200122001220122210220011011221010220012201222102210220100220022210220002200112221012022000221022101012220112210112200022011221022002220002201122102210100122210010102210122200012221022101111220012210112201022010221010022002]
[970.1125964385911 1 ({:upper (0 1 2 3 4 2 2 5 2), :is-main true, :lower (1 0 4 3 3 2 4 4 5 4)}) 1222201001011122200011112200111022220111002200012121122000220002200122000 2222000221022102201122000022102201022000220002210220121011221022102201110022102201222000220102210022011220112210221011220122201222102200010122210220122201112221022101012220012210102201022000221002200122002221022101101122100022010221010101122102210122201102210220012200102210220101022000]
[871.8476442171134 1 ({:upper (0 1 1 1 1 2 3 4 5), :is-main true, :lower (1 0 0 3 2 0 5 0 3 4)}) 1222201001010101011122200022001022220111000121102200101222000 22220002210221012110221010112200222102200210102210221022012101122101222012220102210112201122011221022101200221002201012221022002220002201122102210220001102210220012201010221012220022200122102210220002200022010221022011121022101111102210221022011220002201022101011112210220122201012]
[880.8025057738247 1 ({:upper (0 1 2 3 3 4 3 5 5), :is-main true, :lower (0 1 1 1 1 3 4 5 1 2)}) 1222201001011121222000122200122001022220110101010101222000220011011 222200022102210220012200022010221012220011122101122002220012210221012220000221002200202210220001212221022102200112220012210220012200222000221022002112200022102210220021210221010121122102201111220022210221012220002201222102200122001220012210220021202210221022000102200222102200210220012210220012201122012]
[902.258184547851 1 ({:upper (0 1 0 2 0 3 4 0 5), :is-main true, :lower (1 5 5 5 5 4 0 2 3 5)}) 1222201001001101222000022001022220111022001220012200122001220000111222001 222200022102210220120220112210220101122011221022012220102201222102210220102200022011221011220102201122102201022011220122210221022002220012201122102201110112210220022200022010221022102201102201022102201122002220022210220110220112210221022011022011221012010221022001220110221022101122010112210102200102210220012200022001]
[826.8707609615868 1 ({:upper (0 0 1 0 2 3 0 4 5), :is-main true, :lower (4 0 3 3 2 5 2 4 2 1)}) 1222201000100111202200022001022220112200001212112200111220001110 222200022102210220002200022001221022011220002201222102201122011220022210221011220102201222102201122011220112210111210221022102200001222100010221022001112200122102210220111211221012002210122201111221022102200222012112210220122200010221000220022210221012220012201022102201022000220122210220002201110]
[929.3400565938435 1 ({:upper (0 0 1 2 3 0 2 4 5), :is-main true, :lower (4 1 2 4 3 3 4 0 4 5)}) 12222010001011120112200022001022220112200010112200012122200002200022001 222200022102210220101122010221022012112201122102201122000220112210221022010220112201222102201212022101212220112210221022001220012200022102201022002220112210220122201102210221022000220112200022101010220122210220112201110221022101111022101022012112210111210221022101122011220102210220002201222001221002200212]
[955.4176797601062 1 ({:upper (0 1 2 3 0 4 3 5 0), :is-main true, :lower (2 1 3 3 0 5 3 3 4 5)}) 12222010010111202200012220010022220111110121202200112122200022001 22220002210221022010220122201222102201222010220002210220112200222012221022102201102200222101122000220002210220101122001221022102201222001220122210220122201111221022000122200022102210220110102210220111022011221010011221022102200000221022011220100221022010220012201222102210220102200212221022000220020221011010]
[860.3857341798309 1 ({:upper (0 1 2 0 3 4 5 2 3), :is-main true, :lower (5 2 3 0 4 1 4 1 0 4)}) 12222010010110122200022001111202222011220011112022000102200010022000 222200022102210102200022011221022002022011221022000122201122102210102200210221011110221022011112200222102210102201222011221002201022011221002200022000221022102200202200222102201022011102210220112200122002221022101001122101222002112210121002210221022000122200222102200011220102210220002200022002]
[896.3299271094164 1 ({:upper (0 1 2 1 3 1 1 4 5), :is-main true, :lower (3 1 4 3 3 4 3 0 2 5)}) 1222201001011101210102200022001022220111210220001212220001201122001 2222000221022102200112220002210102200222001221010220102201222102210220122201210221022012220121122102201022011022102210220011022002221022011112201222101222002220112210221011102200222101010022101022000022102210220002201022000221022000121222102201022001220002210221022010220002201122101222010220122210220011222002]
[894.4435944176564 1 ({:upper (0 0 1 2 3 0 4 5 5), :is-main true, :lower (0 5 4 3 1 1 1 0 3 2)}) 1222201000101112022000220012200102222011022001220001210101001211 2222000221022102201212220122210220000122210220110220112210221012220111122100010221002201110221022101210122210122200011221022010220012200022102210220022200022001221010220121222101022000122210221022001220122201022102200211022102200022012220022210221022011220112200222102200011220002210220101111]
[436.0508806253286 1 ({:upper (0 1 0 2 2 1 3 4 2 5), :is-main true, :lower (4 0 2 1 3 5 3 4 3 1)}) 12222011010011111012220001122001022220112200001110122200112220001210 2222000221022102200212220112210112200122011221011220012201022102210112201012221022001122200122102200112220102210221022011220102201022102201222011220102210220012201112221022102201122001122210220112200110221012121122102210220012200122002221022010220121022101011102210221022012102201122102201012220112210220002201122010]
[924.124435106927 1 ({:upper (0 1 2 3 3 3 0 4 5), :is-main true, :lower (3 4 2 4 0 1 5 5 1 5)}) 122220100101112121202200022001022220111222000112200001022001220011022001 222200022102210102201122002221011220022200122102200022010220022210221011220001222101222012122210122200222001221022102201022002220002210220112200012221010220012201022102210220122200122012221022011022002221012220122201222102210220001212221022001220011122101212122210221010220012201022100110221022000220020]
[949.0438183356921 1 ({:upper (0 1 2 3 4 5 5 5 5), :is-main true, :lower (1 2 1 3 0 4 2 5 2 5)}) 1222201001011122200022001220012200122001022220111011101202200011220011122001 2222000221022102200010220002210022010220022210220012201022011221022102200010220002210010112210220112200222002221022101001022102200111112210022011102210221010220112200022102201122002220122210022012102210221022010220002200022100220112201222102201011220122210221022002220012201022101110102210220121022011]
[892.4785985900412 1 ({:upper (0 1 2 3 4 0 0 5 3), :is-main true, :lower (0 4 2 1 1 1 1 4 5 3)}) 12222010010111222000002200112022220110220001110101010220002200112 222200022102210220012200122011221022002220012200122101122011220122210221012002210012122210220022200111221022102200022000022102201202201122100220120221022102201222001022102201222010220122210101122010221022102200022002220002210022002220002210220020102210221012002210012220022210220012201110]
[946.5622215075628 1 ({:upper (0 1 2 3 4 1 5 1 1), :is-main true, :lower (2 3 0 2 5 0 2 5 4 1)}) 122220100101112220001022001101002222011111201122001011220012200010 2222000221022101022011102210220101011221022002220112200022102210220112201122010221011220102201122101202200222102210101002210101012221022001110221022102201022000122210220000102210220111010221022102201010220002210220022200011221022010012221022101102201022101212112210220022201222000]
[874.6632685418525 1 ({:upper (0 1 2 0 3 4 0 0 5), :is-main true, :lower (2 3 4 1 0 5 2 2 2 3)}) 1222201001011012220000022001022220111112220001002200111111112 22220002210221022012220122201222102201022000220022210220122201222000221022101022010122210220022201211221011220112200022102210220100220122210101002210220001002210221010121122102201122011022100022010221022102201122011220122210220021122010221022011002210221022000102200022102200011102210111012]
[928.8700925515736 1 ({:upper (0 1 1 2 0 3 0 4 5), :is-main true, :lower (0 1 2 1 3 5 3 5 3 4)}) 12222010010101101202200022001022220110101110122200112220011222000 222200022102210102200222012221022011112200122102201022002220102210221022011220101222101022011220102210220002200222010221022102201222001122210102200102210220102201122010221022102200101022100122201022101000221022101022000022102201022010122210220102201110221022102200112220112210220022201022010221010010]
[918.2359110101311 1 ({:upper (0 1 2 0 3 2 4 2 5), :is-main true, :lower (0 3 5 5 1 1 4 2 1 5)}) 122220100101101211220001122001022220110122200122001101022000111022001 222200022102210220001022012221022011220101222102200022010220002210221022000010221022002012221002200010221022102201122001220002210220021022002221011220112200122102210220021111221022002220110221012220010221022101022000112210220012200222001221011220110221022102201111022102200110122210220022201122000]
[885.7711259374424 1 ({:upper (0 1 2 3 2 4 5 2 1), :is-main true, :lower (4 3 0 1 0 5 5 5 1 2)}) 122220100101112112200022001111002222011220001201002200122001220011011 22220002210221022000220001122102201022000022102201122002112210221022010220002201222102201022011102210220122200222001221022102201222010220002210220120022102201212220122210221022000220102200022100121022102201022012220122210221010022001221011220122200222102200122000220102210221010101022100002210220102201011]
[936.3444078109485 1 ({:upper (0 1 1 1 2 3 4 1 5), :is-main true, :lower (0 4 0 5 3 5 0 1 0 2)}) 1222201001010101112220001022001022220110220000220011222001010011 22220002210221010220021022101022000122210102200002210221011220012201222102200210122210220101022001221022102200012220122210022002220002210220122201222000221022101222011220122210111110221012220012201022102210220001122012221022010112200122102200222002122210221011121222102200012102210112201122011]
[902.7390723762996 1 ({:upper (0 1 2 0 3 3 4 3 5), :is-main true, :lower (0 1 2 2 2 5 4 3 0 5)}) 12222010010110121222000122200102222011010111111220012200012022001 2222000221022102201222012220022210220122201022002221012022002221022102201210220002210220102200122010221022010220012200022102210220010102210220010112210011112210221022010220100221022012220112201122100220112200022102210102200222010221022011220101022102200212112210221010101022102200212112210220102200110]
[892.4264722790184 1 ({:upper (0 1 2 3 4 0 1 1 5), :is-main true, :lower (5 5 3 4 1 2 5 2 0 5)}) 122220100101112220000101022001022220112200122001122200010112200111022001 22220002210221010122201122102200222010220102210112201122000221022101022011102210220101212221022012122200222102210220022201022000221011220002200122102200001222102210220120102210220022201102210220122201011221022102201011220012210220002200110221001202210221011101022101022001122210101010]
[935.4014804880467 1 ({:upper (0 1 2 0 0 3 4 5 0), :is-main true, :lower (4 0 2 3 2 5 5 2 1 3)}) 1222201001011001222000220010022220112200001112112200122001111012 222200022102210220022200122002221022002022011221022011220122201122102210112201022001221011220001222102200012220122210221012012221012102200022101022002022102210220121022012221001122002221012220001122102210102201202210022011220002210220022201012221022101201222102200012220102210220012200122001]
[915.6243537358374 1 ({:upper (0 1 1 2 3 4 5 5 5), :is-main true, :lower (0 5 4 4 2 4 4 2 3 1)}) 1222201001010111222000220012200122001022220110220012200022000112200022000111210 22220002210221022002220020221022011102200122102201122001220012210221022002220111022101222010220102210220112201122010221022102200110102210220110220102210220012200022000221022102201102200222100220020221011120221022102200100221022001220021022102200010220012210221022012220001122102201122010220002210220122201112]





