 
1222201001011122200022001220012200122000022220110111112111022000220012200110 222200022102210122201222002221022011220122201222102201112102210221022000111122102200110112210101022000221022102200011122210220001111221000022102210101122011221011220111022102201022012220112210221022010012221022010220102201022102201111220102210221022010220112201022102200222011220002210220012201022001
1222201001001101222000220010022220112200002200112121110220011010 222200022102210220022200022002221022010220002201122102201222012220002210221022002220001022101012022101010102210221022010101122102200111112210220102201022010221022102200122001220002210022002022102200212022102210220111211221011122200222102200022010220102210221012112201022101111220002210220002200122010
122220100100111222000220011011022220111212220001201022000220011122000 2222000221022102200110112210220102201022002221010220102201122102210112200222000221022011220010221002201222001221022102201022000220012210112200122012221022002220002201022102210111102210121010221022012002210221011220021122101012022101122010112210221022000022002221001002210220111222011
 
 
12222010010101011122200022001100222201101222000012100121122001 222200022112211102200010220002211122201201122111010011221102200222001102211221111220110122211220122201002200122112200111220112201022111222012220112201222112211220102200022001220102211220110220012200122111022001121222112200222000220102201122112211220122201012220022211010010221122001220012201211221122000220110022112211220010122200222110220120112211220120220022201022111212101222112211220002201022000112211022002022011221122012111210221122010220002200122012
1222201001011012220002200100022220110220012200022000101122001220011222000 222200022112211220012201222001220022211220122200022011220112211220001022012220002211022011122200122112211112201122012220002211220011110112211220122201110220112211110102200222112211220012201022000220112211220022201010220002211022000220121222111222002112201222112211220001202200222111122000121122112201122011011221122010122200222010221122111101012221111022011022110220001022012221122000220020102211221122011122200202211011002211220122201211022110220101022002
 
 
1222201001011122200012121222001022220111010220000101222001220011011 222200022112211220010220101022111012220122200222110220002200022010221112102200122000221122111002200012221101022001102211010102200022112200111111022112211220112200022010112211220022200122010220112211122201212220022211010012221122112201212220012201222112201222011220102201222112201222011220001222112200012112200122112211220012201111112211220122201022001122211001211221122011220121022010221122112201222012112200222111011220022200222110112201122000221112220021122000
1222201001011121022000102200112022220110102200111110022000120 222200022112211220010112200022110111112221101210022111101010221122112201222012220002200122111022011220111222112200122001111122111010220021022112211112201222001122211220121122010220022211122200012220022211102200011122211221111012220012211220012200122002220002211220111012220022211112201010220012211221122002220121002211121222000220102211102200010022111110012221122112201110220001222112200022010220120221122010102200122010221122012121222011
 
 
122220100010111012220002200110022220111202200022001111111111110 222200022112211220012202222100122210020221122100021022011220102211220002200022100112200122112210002220012201011221122112210011221000022012220212211221000222021220022210012221122100122201022100002201022112210002221000022022221000222112211220012200222001221001122110220101211221111220010221001222111102200022002221122112210011220101222021221122100002210011122210000221122000220102210000221000122112200222100002201122001221122112210001220222201211221102200122100012210011221122001000221122012220122201022010221122112201210220022200122110221000222100112210000221122100012210001102210010221122100101222100122210020
122220100101112220002200011022001022220110101211101022000101022001 22220002211221122100002210020112202022112202222100202201222100122211102202022100011022110220022210012220102211221122010220021002211011220012201022112200211101222111222002221001210221122112210012221001022012220112211220012210020220002200122112201222020220202202222112202122100102200222100002211221112220010221000022112210011221001222011221000122111022100122210001220202211102200222012220022211221122020221000022100121122112202022010221002022100102211220012200002210020221122100022201022020221000222112211220202200222100012200022112210012122200122100022211220012210000221001022001221102210002220122210012
