# simples 1-6
11111 
2202202201010220101022022010102201010
2210220220101022010102202201010220101022022010102201010
221122022010102201010220220101022010102202201010220101022022010102201010
22122202201010220101022022010102201010220220101022010102202201010220101022022010102201010
2222000220220101022010102202201010220101022022010102201010220220101022010102202201010220101022022010102201010

# not so simple
2211112212111201122121112011220221122110001
2210220220111022010102202201011220101022022010102201111 

# complex
2202202201010220101022022012112201211
222200022022010102201010220220121122012112202201002200102202201111220111122022011022001122022022002220002202200222000
22112202202222021020100100002222220202220120112012202222021020100100002222220202220120112012202201022020220010220220121122012112202201010220010
221122022022221010100100210012111211022022222222101001202000122011201101001112202222101010010021001211121102202222222210100120200012201120110100111220220102210101220010220220121122012112202201010220010
2212221122111010002211010002211001010221100010221122111000022110010022110100022110001022112211100002211010002211001002211000102211221122002110022110110022110022002112211000112211221110000221100010221101000221100100
22220002211221110000221100010221101000221100100221122111000022110010022110001022110100022112211101000221101000221100101022110001022112211100002211001002211010002211000102211221110000221101000221100100221100010221122112200211002211011002211002200211221100011
220112222220000020002020022120022210220012112121110201022002022201211202121222110202012210210210210121000200122110021021211011000201001112020102222111211222002122012020002101102111211001201001121100111121000221200212120010122020010101010200201012122001201101002010101021022211201212112001120010021002212210002222120011202111202020012012112100111110000100000120202002102102120200021200001202221220220212210212111100200121111100100012211021201111
22220002211221122221012111101020012011111111111111111122222101202221100211211111110000112201110022110222202011101020012100221100222210121111010200120111111111111111111222221012022211002112111111100001122011122110002222020111010200121221122111022101010022110100022110010221010122110001022112211220021100221101100221100220021122110001122112211100002211000102211010002211001002211221110000221100100221100010221101000221122111010002211010002211001010221100010 
2222000112222120012212011220001002221110210000020011222111101212011202001121201222001222122011022121101120222012001222221002001100011021001001010100120200200220111111222212100201211212102002001120022102110120200012111212011022120121111212200121202020101201100001121001010212000020110022012212011000202110011122010121012112200110002011101212121111122011211010010211011201101011112101121111111112222121221112220200011100011120012111200101102122111100220202122021211111000002201001221111212200210120010122111201201012222020211021202101100221102222212221121002222221110011210221002200121022010221121112001212121002201010110012210201200211110022200020000122222101211000210221000000211000201111

# genetic
220220220111022000220220101022000
220220220110220220000220220100220010
2202202201022011220011220220100220100
22022022011022001022022010221000222000
2202202201102202201102202201002202200110
22022022010220102201102202201202202200012
220220220112200122022011220112202201222012220010
2210220220110220110220220100220110220220110220120
220220220220112201222022012220012202201122012220010
220220220220122200122022012220112202202200022010220011
2202202202201222012220220022202022022010220022202200010
2202202202201212220220122201022022022001220122202200222012
2202202202201222002220220122200222022022011220002201222000
22102202201011220221002102202202200102201111220220100220110
221022022010220002202201102202201102201002202201102201122022
22102202202201022001220220101122022022002220122200102202201010220022002
221022022022000220012202201002202201122012220102200122022012102202201222001
2210220220220122201022022012220002202202201122002220122200022022011220122201010
2210220220220122201022022011220102202201122012220112200022022022000122202201222011
2210220220220122201122022012220002202202201122011220112201222022012112202201222001
2211220220101122022002022022010022022002220102202202202202201102202201002201022000
2211220220220010220112201022022012022000220220100220220212201022022022001220122202200222012
221122022022012220112202201222002220220220102201022011112202202200122001220220112201222022010220102201011
22112202202201022011220102200122022022000220002202201122000220220220022200022001222022011220122202201222010
22112202202201211220220101022022022002220102200220122202202201022000220220122201022022022001220102202201211
22122202201022012220012220220121022010122202202200022001220002202201122000220101122022022002220102201122012
2222000220220101222000220220220110220120220220220102202022002202022022022011220012200022022011022011220022202201002202200010
22220002202202200122010220010220220102201022001222022012220222201111220220220202202122022010112202201210220002202201112220011
222200022022022002220102200220122202201002202201110220220100220002202201002202200122001220220101222022012220112202201102201210
2222000220220220010220110220220102201122022010220122202201102202201022020220220120220101122022010022022000112202202200111220110
22220002202201022002220022000220220220002201122022010220102202201002200022022011112200220102202201012220022000220220220010220120
22220002202202202002200022022010220112202200022001220220110220220000220220102200122022022122202201011220220100220220102202022000
222200022022010220202201210220220100220002202201011220002202202201022001220220012201222022010022012220002202202201202202200222000
2222000220220102201122022002220122202202200002200022022010220022200022022012220202202201102202201010220002202202201022001220022001
222200022022022010220102200220122202202200022002220220102201022022022012112202201022001220220220112200122022012122202201222011220220122200022022022011220012202201022001

# genetic 2
2202202201111220002202201012220022000
22022022022021022000220220220120220022010
22022102210100102210110220022210000221022101022100000221000022100220000
2202210221010022100002210000221001002210221010010221011220010221002201122000
2202210221010002210000221022012120221022102201001022102201122000102210220111022001
2202210221010011221000220112210000221022102202022010220002210220022200022010221012011
22022102210110022100022000221000022102210220102210002220202210000221022012221000022001
221022102210100022100022010221010002210221010002210100102210220002201111221022101222001022102200011102210122200110
22220002202201102202202022012220220121022022101002210001220220110220022100002202201002200022022010022000220220110220012
221022102210102200010221000220122210221000112220222210221010002210001122100002210221010120221022002220102200122100220100
22102210221010220202202222100012221000220112210221010220010221000102210000221022102202122002220112210102201010221022100002201012
2222000220220102200122022001220022202201002202200022012220220100220110220220102200022000220220220002200222010112202202200102202201022002
2202212221210120002212012000221201001002212220002202201122001221202200000022122212102201100112212000002212011100220012212022011002200222120220011200
220221222121022000220022201202212000002212000110221200000221201112110221222121122021022011022120220101212022121000002212011102201202212220022210011101112
2202212221210100002212220102200202200022001221210110102200222120000022121210001122122212100011102212000220120221211220212200012220022212220010010102212000120
222200022102210122200211221011220102210001221022001220002201122102210112200002210100022101122000220012210221010220222200122102200112112210102200202210221022011022002221010220011222101211022102210220001222011221022001011221012220010221022101010122210101122000221011220010
22220002211221122000220011110221122010220011010221122012220101111221112112201122000221122111022011102201122112201101222001221122001220020122211220000220012200222112211122200222000112211112201212112211220102201202200122112201222000220101022112211112201122001122211220102200022012220002211220111222002022112201122012112202022112211220012201112102211111222000220002211220121212220012211022002220110221122111222010122201122112200022000220001122112201111220000221122002121222000
2222000222200022220002200112101011102222000220101022000100122222000122200012121202222000010111201222220000000220010222200002200122000001022220002222000220020111122010220012222000112201102201201222220002200011120121222220002200122001220002201101222220000121122002101122220002201102201012220012201022220002222000220102200222021010022220002200111112200022011220122222000220012202210111022011222200022000101102201122021222200022020220001222010220101022220001122010122200211112222000222200022011220001101210222200022002220021022000120222200010111211112200222220001111220111212022220002200022010220010022000222200022011112200110102200222220002222000102202212220001012222200022012220010111122000222200011122201022001220011122220001212220201012102222000022001022000220101122220001122002220020220102201022220002222000111022002022001220012222000120022010220101222220001110110220122200022220001012220022200212022220001222001000220022222000002201202200222001

