[51023 [false no cars found]]
[93270 [true [((1 6 6) (2 1 2) (0 6 3)) ((2 4 7) (3 2 2) (3 5 0)) ((2 7 2) (2 3 5) (2 6 1)) ((6 4 3) (0 2 7) (1 7 1)) ((1 9 1) (4 4 0) (0 4 5)) ((1 6 4) (3 5 0) (1 2 6))]]]
[45681 [false no cars found]]
[94135 [true [((2 3 0) (3 0 5) (1 3 5)) ((5 0 2) (5 4 5) (1 4 2)) ((5 0 4) (7 2 2) (1 4 3)) ((4 1 2) (6 3 3) (0 3 7)) ((8 1 1) (1 0 7) (2 3 4)) ((4 0 2) (0 0 9) (6 4 1))]]]
[2728 [false no cars found]]
[2723 [false no cars found]]
[297 [false no cars found]]
[2708 [false no cars found]]
[2733 [false no cars found]]
[2713 [false no cars found]]
[45697 [false no cars found]]
[43542 [false no cars found]]
[2763 [false no cars found]]
[105521 [false no cars found]]
[99264 [true [((8 1 2 1) (3 2 5 1) (0 9 0 6) (2 0 6 4)) ((1 9 5 6) (2 5 4 6) (6 0 2 3) (2 7 3 8)) ((4 5 5 8) (9 5 4 3) (2 3 0 9) (3 6 4 4)) ((1 7 3 2) (3 5 4 6) (0 5 8 5) (9 6 2 2)) ((4 6 4 5) (5 8 9 4) (2 6 0 2) (3 4 0 9)) ((4 4 3 2) (4 2 2 6) (4 1 7 5) (9 3 3 6))]]]
[84062 [false no cars found]]
[2756 [false no cars found]]
[39822 [true [((1 3 5 0) (0 0 1 0) (0 2 0 0) (2 6 4 0)) ((1 0 0 8) (0 0 9 3) (1 3 2 3) (1 2 7 5)) ((1 0 0 0) (0 0 0 0) (0 0 0 0) (9 2 11 1)) ((1 2 5 0) (0 1 0 0) (0 0 1 0) (0 8 5 0)) ((1 7 3 0) (0 0 4 0) (0 7 2 0) (0 5 1 0)) ((10 5 7 0) (2 0 0 3) (0 0 0 3) (1 4 4 2))]]]
[2689 [false no cars found]]
[46047 [false no cars found]]
[46742 [false no cars found]]
[46318 [false no cars found]]
