59899 220112222012222110021201111
58993 2201122100101111
63352 22011111110
63211 22011220001112
64198 22011111110
50918 22011121111
50546 22011121111
65887 22220001122221201022020121211120012000210111201121211210012000022022002222210001212100002000111202011101201102020220210201221122002021002010021011011122002222210201120121200222101111112222120102222220201112121212000211122120201200121211201000220111100112202001112211211122221102122110000010000222210120220000012220200021021120220111100222112220122011001111111222212011001110222211202020121200112101222212122020112201200221110121202221211210120112111011002101011112011201110022000211112210222120010012000221110201101210222022101201111
60328 11111
60439 11111
60492 11111
59825 11111
