 11756 ( ((1298074214633706907132624082305025))  ((2))  ((3369993333393829974333376885877453834204643052817571560137951281153))  ((2))  ((8749002899132047697490008908470485461412677723572849745703082425639811996797503692894052708092215297))  ((2)) )
 11772 ( ((35835915874844867368919076489095108449946327955754392558399825615420669938882575126094039892345713852417))  ((2))  ((93035356709837681990313447409664580397266094167976711716030745495121828878514934185752454491361736391777602765602070775492429008462675969))  ((2))  ((241533595188578646543459493183249209018682958106652187416077203215719946393097526533512110411370161122653976001968886073585317416315186728483931792091692546793561300926465))  ((2)) )
 11810 ( ((645562469521727147413979793000752968582426448207305878207664839135161905504210298657411338320034457858975792993186873345))  ((2))  ((818347651974035467503297424206899788054160511510766197370822842024033449101168638720817523081476039287721671031890017752304314136471348263332131897345))  ((2))  ((58968162887836583628774290327941701420576894069006881693378223441337877537377325813845730080900918242835443359855685076558915384842574884883772410178635875682021801985))  ((2)) )
 11964 ( ((3))  ((1))  ((106111661199647248543687855752712667991103904330482569981872649)) )
 12034 ( ((3369993333393829974333376885877453834204643052817571560137951281153))  ((2))  ((8749002899132047697490008908470485461412677723572849745703082425639811996797503692894052708092215297))  ((2))  ((22713710134237715329666368996500141698551292521478689383796568724394977753543685103943470334805111423773828800195818060422956300894209))  ((2)) )
 12053 ( ((8749002899132047697490008908470485461412677723572849745703082425639811996797503692894052708092215297))  ((2))  ((22713710134237715329666368996500141698551292521478689383796568724394977753543685103943470334805111423773828800195818060422956300894209))  ((2))  ((58968162887836583628774290327941701420576894069006881693378223441337877537377325813845730080900918242835443359855685076558915384842574884883772410178635875682021801985))  ((2)) )
 12072 ( ((13803492693581127574869511724554050904902217944340773110325048447598593))  ((2))  ((35835915874844867368919076489095108449946327955754392558399825615420669938882575126094039892345713852417))  ((2))  ((93035356709837681990313447409664580397266094167976711716030745495121828878514934185752454491361736391777602765602070775492429008462675969))  ((2)) )
 12116 ( ((3618502788666131106986593281521497120414687020801267626233049500247285301249))  ((2))  ((884467056134897769177403028352204277531894146980966017349124212298943513062971345024451521058208349266478534208013045806724329989399740544099720742247653959918481338242))  ((3))  ((23258839177459420497578361852416145099316523541994177929007686373780457219628733546438113622840434097944400691400517693873107252115668993))  ((2)) )
 12129 ( ((8958978968711216842229769122273777112486581988938598139599956403855167484720643781523509973086428463105))  ((2))  ((23258839177459420497578361852416145099316523541994177929007686373780457219628733546438113622840434097944400691400517693873107252115668993))  ((2))  ((60383398797144661635864873295812302254670739526663046854019300803929986598274381633378027602842540280663494000492221518396329354078796682120982948022923136698390325231617))  ((2)) )
 12776 ( ((17498005798264095394980017816940970922825355447145699491406164851279623993595007385788105416184430593))  ((2))  ((2282964069396179429161277601795098342183689069116233595351030111107374894317918598839132436948135567673806054712849856030005501307907699595360638611572383720570))  ((3))  ((69992023193056381579920071267763883691301421788582797965624659405118495974380029543152421664737722369))  ((2)) )
 12785 ( ((139984046386112763159840142535527767382602843577165595931249318810236991948760059086304843329475444737))  ((2))  ((279968092772225526319680285071055534765205687154331191862498637620473983897520118172609686658950889473))  ((2))  ((559936185544451052639360570142111069530411374308662383724997275240947967795040236345219373317901778945))  ((2)) )
 12793 ( ((1119872371088902105278721140284222139060822748617324767449994550481895935590080472690438746635803557889))  ((2))  ((1664280806589814803858571371708626691451909331385734291010900950997276297957762658553727546535190828834204613885667545045874010453464713005017905547836267732294802))  ((3))  ((4479489484355608421114884561136888556243290994469299069799978201927583742360321890761754986543214231553))  ((2)) )
 12797 ( ((8958978968711216842229769122273777112486581988938598139599956403855167484720643781523509973086428463105))  ((2))  ((17917957937422433684459538244547554224973163977877196279199912807710334969441287563047019946172856926209))  ((2))  ((35835915874844867368919076489095108449946327955754392558399825615420669938882575126094039892345713852417))  ((2)) )
 12816 ( ((71671831749689734737838152978190216899892655911508785116799651230841339877765150252188079784691427704833))  ((2))  ((1213260708003974992012898529975588858068441902580200298146946793277014421211208978085667381424154114220135163522651640338442153620575775780658053144372639176842909930))  ((3))  ((286687326998758938951352611912760867599570623646035140467198604923365359511060601008752319138765710819329))  ((2)) )
 12830 ( ((573374653997517877902705223825521735199141247292070280934397209846730719022121202017504638277531421638657))  ((2))  ((1146749307995035755805410447651043470398282494584140561868794419693461438044242404035009276555062843277313))  ((2))  ((2293498615990071511610820895302086940796564989168281123737588839386922876088484808070018553110125686554625))  ((2)) )
 12840 ( ((4586997231980143023221641790604173881593129978336562247475177678773845752176969616140037106220251373109249))  ((2))  ((884467056134897769177403028352204277531894146980966017349124212298943513062971345024451521058208349266478534208013045806724329989399740544099720742247653959918481338242))  ((3))  ((18347988927920572092886567162416695526372519913346248989900710715095383008707878464560148424881005492436993))  ((2)) )
 12844 ( ((36695977855841144185773134324833391052745039826692497979801421430190766017415756929120296849762010984873985))  ((2))  ((73391955711682288371546268649666782105490079653384995959602842860381532034831513858240593699524021969747969))  ((2))  ((146783911423364576743092537299333564210980159306769991919205685720763064069663027716481187399048043939495937))  ((2)) )
 12850 ( ((293567822846729153486185074598667128421960318613539983838411371441526128139326055432962374798096087878991873))  ((2))  ((644776483922340473730326807668756918320750833149124226647511550765929821022906110522825158851433886615262851437641510393102036562272410856648696421098539736780572895577690))  ((3))  ((1174271291386916613944740298394668513687841274454159935353645485766104512557304221731849499192384351515967489))  ((2)) )
 12881 ( ((2348542582773833227889480596789337027375682548908319870707290971532209025114608443463698998384768703031934977))  ((2))  ((4697085165547666455778961193578674054751365097816639741414581943064418050229216886927397996769537406063869953))  ((2))  ((9394170331095332911557922387157348109502730195633279482829163886128836100458433773854795993539074812127739905))  ((2)) )
 13003 ( ((18788340662190665823115844774314696219005460391266558965658327772257672200916867547709591987078149624255479809))  ((2))  ((470042056779386205349408242790523793455827357365711561226035920508362839525698554571139540802695303342526618698040661076571384653896587514496899690980835468113037640876135282))  ((3))  ((75153362648762663292463379097258784876021841565066235862633311089030688803667470190838367948312598497021919233))  ((2)) )
 13010 ( ((150306725297525326584926758194517569752043683130132471725266622178061377607334940381676735896625196994043838465))  ((2))  ((300613450595050653169853516389035139504087366260264943450533244356122755214669880763353471793250393988087676929))  ((2))  ((601226901190101306339707032778070279008174732520529886901066488712245510429339761526706943586500787976175353857))  ((2)) )
 13016 ( ((1202453802380202612679414065556140558016349465041059773802132977424491020858679523053413887173001575952350707713))  ((2))  ((342660659392172543699718608994291845429298143519603728133780186050596510014234246282360725245164876136701905030871641924820539412690612298068239874725029056254404440198702619850))  ((3))  ((4809815209520810450717656262224562232065397860164239095208531909697964083434718092213655548692006303809402830849))  ((2)) )
 13035 ( ((9619630419041620901435312524449124464130795720328478190417063819395928166869436184427311097384012607618805661697))  ((2))  ((19239260838083241802870625048898248928261591440656956380834127638791856333738872368854622194768025215237611323393))  ((2))  ((38478521676166483605741250097796497856523182881313912761668255277583712667477744737709244389536050430475222646785))  ((2)) )
 13046 ( ((76957043352332967211482500195592995713046365762627825523336510555167425334955489475418488779072100860950445293569))  ((2))  ((249799620696893784357094865956838755317958346625791117809525755630884855800376765539840968703725194703655688767505426963194173231851456365291746868674546182009460836904854209869922))  ((3))  ((307828173409331868845930000782371982852185463050511302093346042220669701339821957901673955116288403443801781174273))  ((2)) )
 13108 ( ((615656346818663737691860001564743965704370926101022604186692084441339402679643915803347910232576806887603562348545))  ((2))  ((1231312693637327475383720003129487931408741852202045208373384168882678805359287831606695820465153613775207124697089))  ((2))  ((2462625387274654950767440006258975862817483704404090416746768337765357610718575663213391640930307227550414249394177))  ((2)) )
 13129 ( ((4925250774549309901534880012517951725634967408808180833493536675530715221437151326426783281860614455100828498788353))  ((2))  ((182103923488035568796322157282535452626791634690201724883144275854915059878474662078544066185015666938964997111511456256168552286019711690297683467263744166684896950103638718995172410))  ((3))  ((19701003098197239606139520050071806902539869635232723333974146702122860885748605305707133127442457820403313995153409))  ((2)) )
 13204 ( ((39402006196394479212279040100143613805079739270465446667948293404245721771497210611414266254884915640806627990306817))  ((2))  ((78804012392788958424558080200287227610159478540930893335896586808491443542994421222828532509769831281613255980613633))  ((2))  ((157608024785577916849116160400574455220318957081861786671793173616982887085988842445657065019539662563226511961227265))  ((2)) )
 13232 ( ((315216049571155833698232320801148910440637914163723573343586347233965774171977684891314130039079325126453023922454529))  ((2))  ((132753760222777929652518852658968344964931101689157057439812177098233078651408028655258624248876421198505482894291851610746874616508369822227011247635269497513289876625552626147480686162))  ((3))  ((1260864198284623334792929283204595641762551656654894293374345388935863096687910739565256520156317300505812095689818113))  ((2)) )
 13252 ( ((2521728396569246669585858566409191283525103313309788586748690777871726193375821479130513040312634601011624191379636225))  ((2))  ((5043456793138493339171717132818382567050206626619577173497381555743452386751642958261026080625269202023248382759272449))  ((2))  ((10086913586276986678343434265636765134100413253239154346994763111486904773503285916522052161250538404046496765518544897))  ((2)) )
