125643 (((8 7) (6 9)) ((2 5) (5 5)) ((2 4) (3 1)))
127083 (((5 5) (4 8)) ((2 4) (2 2)) ((2 3) (3 0)))
125970 (((6 11) (9 7)) ((4 9) (2 1)) ((7 4) (1 0)))
126899 (((7 9) (5 7)) ((1 9) (0 3)) ((4 2) (0 2)))
125887 (((9 9) (7 4)) ((2 5) (0 4)) ((3 1) (0 3)))
127480 (((5 9) (6 0)) ((3 0) (6 0)) ((1 1) (2 0)))
125442 (((6 6) (8 9)) ((2 6) (3 3)) ((7 1) (1 3)))
138948 (((1 2) (0 0)) ((1 3) (0 7)) ((1 2) (4 4)))
138350 (((1 0) (4 0)) ((9 5) (6 3)) ((1 2) (4 11)))
125931 (((9 9) (3 1)) ((3 1) (2 0)) ((1 5) (2 0)))
125372 (((7 5) (1 2)) ((2 5) (0 2)) ((2 4) (0 2)))
126209 (((3 6) (6 0)) ((2 7) (6 5)) ((3 0) (0 2)) ((3 8) (6 7)) ((6 1) (1 6)) ((6 2) (6 7)))
120736 (((1 0) (0 0)) ((2 0) (0 0)) ((4 6) (1 0)) ((1 0) (5 0)))
122201 (((2 0) (3 1)) ((1 0) (0 4)) ((1 0) (0 0)) ((1 1) (14 2)))
121701 (((3 1) (6 5)) ((1 0) (0 0)) ((4 0) (3 2)) ((1 0) (4 1)))
121146 (((14 3) (0 9)) ((1 0) (13 7)) ((1 0) (7 1)) ((2 0) (7 0)))
45711 (((1 0) (7 1)) ((1 1) (0 0)) ((1 3) (2 4)) ((2 0) (2 0)) ((1 1) (0 1)) ((1 0) (1 0)))
2733 (((1 1 0 0) (0 0 0 0) (0 0 0 0) (4 5 3 0)) ((3 4 0 0) (0 6 7 0) (0 5 5 0) (4 2 13 0)) ((1 0 1 0) (0 0 1 2) (0 0 0 0) (0 1 10 0)))
120085 (((1 8 0 5 0) (1 2 0 0 0) (2 0 6 0 0) (5 10 0 6 0) (0 0 0 0 0)) ((1 0 0 0 6) (0 0 0 0 0) (10 0 0 2 4) (0 0 0 5 2) (6 2 0 0 2)) ((1 0 0 0 1) (0 0 0 0 0) (0 7 6 0 2) (0 4 1 0 8) (0 2 1 2 1)) ((2 0 0 0 0) (0 5 0 0 0) (0 1 0 0 0) (0 0 0 0 0) (0 0 0 0 0)))
119716 (((1 7 0 0 0 0) (0 4 0 0 4 3) (0 1 7 0 0 0) (1 0 1 0 0 4) (9 8 6 0 9 3) (1 0 5 0 2 2)) ((1 0 2 2 0 0) (0 5 4 4 0 2) (0 0 0 2 0 1) (0 10 11 0 7 5) (11 5 9 9 1 0) (1 3 5 4 0 5)) ((1 0 0 0 0 0) (0 0 3 0 0 0) (0 0 0 0 0 0) (0 0 6 0 0 3) (0 0 1 0 0 1) (0 0 0 0 0 0)) ((1 0 2 0 0 0) (0 0 0 0 0 0) (0 0 0 0 0 0) (0 1 1 0 0 0) (0 1 0 0 0 0) (0 0 0 0 0 1)))
39849 (((1 1 0) (0 0 0) (1 1 0)) ((1 0 0) (0 0 1) (0 0 0)) ((8 5 5) (0 0 6) (11 12 6)) ((4 5 3) (2 9 6) (4 2 1)) ((4 7 2) (0 5 0) (8 8 2)) ((3 13 5) (1 13 4) (9 13 0)))
4125 (((2 6 4) (0 7 3) (0 5 6)) ((1 2 0) (0 0 0) (0 3 1)) ((1 0 0) (0 0 0) (0 0 0)) ((1 0 0) (0 0 0) (0 3 6)) ((1 0 0) (0 2 0) (0 1 10)) ((1 4 1) (6 7 3) (0 3 0)))
