19153 (((4 5) (7 0)) ((2 9) (1 5)) ((3 1) (9 5)))
11156 (((9 3) (9 7)) ((5 9) (6 9)))
9987 (((2 5) (8 8)) ((3 9) (0 1)))
2912 (((9 6) (9 6)) ((8 4) (3 4)))
2750 (((9 9) (6 10)) ((1 6) (4 1)))
2717 (((1 4) (8 0)) ((2 0) (1 0)) ((2 0) (2 12)))
20104 (((9 8) (9 4)) ((8 8) (2 9)) ((3 2) (9 5)))
20193 (((9 7) (8 7)) ((2 9) (2 4)) ((4 3) (9 8)))
35835 (((9 2) (7 1)) ((6 7) (0 9)) ((7 4) (9 7)) ((5 7) (9 2)))
37511 (((9 5) (9 8)) ((4 7) (0 2)))
39788 (((7 8) (1 5)) ((4 4) (8 4)) ((6 4) (0 3)) ((2 9) (9 7)))
39760 (((8 9) (9 5)) ((2 9) (0 1)))
39892 (((4 6) (7 7)) ((2 4) (7 7)) ((3 3) (4 0)) ((3 9) (1 9)) ((9 1) (3 9)) ((9 7) (4 8)))
40093 (((9 5) (4 3)) ((3 2) (9 2)) ((7 8) (5 9)) ((4 6) (7 5)) ((9 6) (4 0)) ((8 0) (8 7)))
40708 (((9 7) (7 8)) ((6 6) (8 2)) ((4 9) (0 9)) ((7 9) (4 7)) ((4 2) (1 9)) ((1 9) (6 5)))
41447 (((9 7) (9 4)) ((8 6) (3 4)) ((2 9) (1 1)))
44907 (((7 7) (0 9)) ((4 6) (7 7)) ((9 2) (7 5)) ((8 5) (9 3)) ((3 8) (9 4)) ((8 5) (7 5)))
49948 (((9 8) (9 6)) ((7 7) (2 2)) ((5 5) (8 9)) ((1 7) (1 2)))
9748 (((2 1) (4 0)) ((1 3) (4 9)))
1187 (((5 0) (2 7)) ((3 0) (0 0)) ((1 0) (11 7)) ((5 9) (6 9)))
25677 (((1 10) (3 1)) ((1 0) (0 0)) ((1 2) (0 0)) ((7 5) (5 9)) ((1 0) (3 4)) ((9 0) (6 4)))
26134 (((5 0) (2 0)) ((1 8) (7 9)) ((2 0) (7 10)) ((3 0) (1 2)) ((1 0) (4 2)) ((5 2) (2 0)))
26311 (((1 8) (6 9)) ((4 0) (0 0)) ((1 6) (0 0)) ((3 10) (8 0)) ((1 1) (0 0)) ((7 5) (0 5)))
44011 (((7 5) (7 2)) ((6 9) (0 1)) ((1 1) (0 6)))
26143 (((5 7) (0 1)) ((1 7) (0 3)) ((3 12) (2 2)) ((10 11) (7 2)) ((3 1) (0 0)) ((2 3) (0 2)))
26120 (((10 0) (0 0)) ((1 8) (4 5)) ((2 0) (4 0)) ((1 5) (12 3)) ((1 2) (7 0)) ((1 10) (0 0)))
2875 (((1 7) (2 0)) ((3 0) (4 3)))
26189 (((1 6) (0 4)) ((4 8) (7 7)) ((1 0) (0 0)) ((2 2) (0 7)) ((1 3) (0 4)) ((5 0) (3 0)))
50063 (((6 8) (0 3)) ((3 4) (1 2)) ((8 9) (5 4)) ((2 3) (2 9)) ((9 7) (5 0)) ((3 4) (1 0)))
10060 (((9 0) (3 4)) ((1 6) (1 1)))
41692 (((1 9) (0 3)) ((3 1) (1 3)) ((4 5) (0 0)) ((2 4) (1 2)) ((6 7) (2 9)))
46972 (((1 2) (6 0)) ((1 0) (6 7)) ((12 0) (2 0)) ((1 0) (1 4)))
50211 (((4 7) (6 2)) ((6 9) (3 1)) ((8 8) (6 1)) ((9 10) (8 2)) ((6 3) (9 5)) ((2 9) (1 0)))
2711 (((1 2) (20 0)) ((5 0) (2 2)) ((1 0) (2 0)))
49003 (((1 3) (0 0)) ((8 0) (3 0)) ((7 10) (0 10)) ((8 5) (0 0)) ((2 0) (2 6)) ((1 0) (4 1)))
49865 (((3 4) (2 8)) ((3 2) (5 2)) ((1 8) (6 5)) ((5 3) (6 3)) ((4 9) (3 1)) ((2 8) (6 1)))
49025 (((8 4) (0 0)) ((1 8) (9 6)) ((5 3) (0 6)) ((8 3) (5 5)) ((4 4) (7 9)) ((3 9) (0 3)))
1726 (((2 0) (2 0)) ((1 0) (2 0)) ((2 0) (3 0)))
40974 (((6 7) (0 9)) ((1 0) (8 1)) ((1 0) (0 0)) ((1 0) (5 5)) ((1 3) (9 8)) ((2 0) (3 1)))
3630 (((2 0) (4 0)) ((1 0) (0 1)))
3815 (((2 0) (8 0)) ((1 0) (5 1)))
3658 (((2 1) (0 0)) ((1 1) (0 0)))
26125 (((1 8) (0 2)) ((1 0) (1 0)))
38850 (((1 1) (1 13)) ((1 0) (0 0)) ((1 0) (4 8)) ((1 3) (2 7)) ((3 2) (0 5)) ((1 6) (4 11)))
3283 (((2 0) (0 1)) ((1 15) (0 0)))
