3270 (((12 3) (9 0)) ((6 0) (24 3)))
3606 (((11 0) (0 0)) ((9 0) (0 7)))
3726 (((2 2) (0 0)) ((1 3) (0 4)))
39144 (((1 5) (5 6)) ((1 0) (4 9)) ((1 0) (2 0)) ((1 4) (0 0)) ((4 6) (1 2)) ((5 0) (7 6)))
45672 (((1 0 0) (0 0 0) (9 3 0)) ((7 0 1) (8 4 1) (8 1 5)))
45677 (((1 0 2) (0 0 8) (0 0 0)) ((10 7 4) (6 4 7) (3 0 2)))
2726 (((2 0 0) (0 0 0) (6 12 0)) ((1 7 8) (5 7 8) (8 0 4)))
2731 (((1 0 0) (0 0 7) (1 0 0)) ((1 0 0) (1 0 1) (4 8 2)) ((3 5 0) (4 2 1) (3 5 1)))
2719 (((1 0 13) (0 0 0) (0 1 0)) ((1 0 1) (2 5 0) (0 8 4)))
22100 (((1 4 1) (0 0 9) (14 3 12)) ((1 0 0) (0 0 2) (0 0 0)) ((1 3 0) (6 7 5) (0 7 0)))
43309 (((2 0 0) (0 0 4) (0 0 0)) ((7 15 10) (0 0 0) (9 13 5)))
45689 (((1 0 1) (2 0 6) (0 0 0)) ((1 13 0) (0 0 0) (0 4 0)))
1728 (((1 10 12) (0 0 3) (0 0 8)) ((1 5 0) (0 0 1) (0 0 0)) ((11 6 8) (1 7 1) (13 7 3)))
43754 (((1 1 0 0 0) (7 6 0 4 5) (1 2 0 1 6) (0 0 0 0 0) (3 1 0 0 2)) ((1 0 0 2 1) (0 0 0 9 0) (2 11 4 3 6) (5 0 0 1 1) (0 0 0 3 0)))
2685 (((1 3 0 0 0) (0 3 0 0 0) (0 1 0 1 0) (4 12 0 2 5) (0 4 0 0 0)) ((1 8 0 0 2) (0 0 0 0 0) (0 2 1 0 5) (0 8 0 0 6) (0 5 3 0 0)))
2738 (((1 4 6 9 0) (0 0 0 0 0) (0 0 0 2 0) (0 0 0 0 0) (0 2 3 2 0)) ((2 11 0 8 0) (0 7 3 3 0) (1 0 0 0 0) (0 2 1 9 0) (6 17 1 2 3)))
20069 (((3 6 2) (2 7 14) (5 4 8)) ((2 4 0) (1 0 0) (2 4 5)) ((1 12 5) (5 3 2) (1 6 0)) ((8 0 6) (1 5 3) (3 2 0)) ((4 3 8) (5 0 2) (3 5 0)) ((1 1 3) (1 2 4) (2 5 0)))
4220 (((2 0) (10 9)) ((3 1) (22 14)) ((2 0) (0 13)) ((1 0) (0 0)) ((1 0) (0 0)) ((2 0) (0 3)))
34540 (((4 5 2 1) (7 5 1 1) (9 7 2 2) (3 2 8 4)) ((1 8 1 8) (8 0 3 5) (5 6 0 3) (4 0 5 6)) ((3 6 4 2) (2 9 3 2) (7 9 0 5) (9 4 7 1)) ((2 8 5 3) (7 4 9 4) (8 3 6 0) (8 9 2 10)) ((5 8 3 1) (2 3 4 4) (9 3 3 5) (0 6 8 0)) ((3 7 3 8) (4 4 4 2) (8 2 4 0) (6 3 3 4)))
20926 (((5 3 1 1 2 1) (7 1 4 1 0 3) (3 4 3 3 3 0) (0 1 2 3 0 3) (0 0 0 0 5 0) (0 5 4 0 0 1)) ((6 0 2 2 7 5) (2 8 0 9 0 3) (4 2 3 0 3 3) (5 5 4 8 0 3) (0 3 2 6 1 2) (8 0 7 3 5 7)) ((7 6 11 0 1 0) (5 2 2 4 8 9) (5 12 1 2 1 8) (4 1 2 0 8 11) (10 4 3 7 7 1) (2 7 3 6 2 2)) ((8 4 2 0 3 1) (6 6 1 4 3 0) (1 2 3 2 2 6) (2 2 8 3 3 0) (4 7 5 0 0 4) (8 2 5 1 1 6)) ((1 12 3 4 1 3) (9 5 0 2 2 4) (2 3 7 5 5 2) (3 3 10 1 3 1) (0 5 0 4 7 2) (2 6 6 0 7 7)) ((2 1 6 0 5 5) (3 0 0 7 7 3) (2 1 2 0 9 4) (1 3 6 6 3 0) (3 5 0 0 0 6) (0 0 9 0 6 5)))
