61317 (((1 4) (7 9)) ((7 8) (7 0)) ((2 1) (6 1)))
50918 (((8 5) (9 7)) ((5 1) (4 2)))
50546 (((9 7) (9 8)) ((9 2) (0 6)))
64249 (((9 3) (1 5)) ((8 4) (7 8)) ((7 8) (0 7)) ((7 8) (8 3)))
63211 (((8 9) (9 9)) ((5 6) (2 9)))
72717 (((8 9) (7 8)) ((3 9) (7 1)))
69628 (((4 0) (1 9)) ((1 0) (5 1)))
67126 (((7 8) (4 6)) ((8 3) (8 6)) ((5 5) (9 8)) ((4 8) (0 4)))
71663 (((8 7) (3 7)) ((6 4) (3 4)))
57582 (((1 5) (6 8)) ((1 0) (0 0)))
58504 (((6 8) (4 7)) ((8 6) (8 3)) ((3 7) (4 5)) ((1 10) (4 1)) ((7 6) (5 4)) ((7 4) (3 5)))
51023 (((11 13) (7 11)) ((9 9) (6 9)) ((8 8) (6 5)) ((7 8) (5 0)) ((5 8) (5 0)) ((3 5) (5 0)))
62021 (((1 1 0) (2 0 0) (0 0 0)) ((1 0 7) (0 0 12) (1 6 9)))
2763 (((6 1 0) (6 6 0) (1 15 3)) ((1 0 0) (0 1 0) (0 0 0)) ((1 0 0) (0 0 2) (0 0 7)))
2715 (((1 7 0 2 0 0) (0 13 0 4 12 0) (0 8 0 0 5 0) (0 0 0 7 12 0) (7 1 2 0 5 3) (0 0 0 0 2 0)) ((1 0 0 0 0 0) (0 0 4 5 0 3) (0 0 0 0 0 0) (0 0 0 0 0 0) (0 0 8 3 0 2) (0 0 0 0 0 0)) ((1 0 0 0 0 0) (0 0 0 0 0 0) (3 0 7 3 0 1) (0 0 0 0 0 0) (0 0 0 0 0 0) (0 1 5 0 0 8)))
2713 (((1 0 2 0 6 0) (0 0 4 0 9 0) (0 0 2 0 5 0) (1 0 4 0 4 0) (0 0 0 0 0 0) (0 0 0 0 5 0)) ((1 0 10 0 0 0) (5 0 5 2 8 0) (0 0 0 0 0 0) (0 0 0 0 9 0) (0 0 3 2 0 0) (1 5 0 1 8 1)))
38850 (((1 1) (2 4)) ((1 0) (0 0)) ((1 0) (6 12)) ((1 2) (2 7)) ((1 2) (0 1)) ((1 6) (2 0)))
