11756 ( ((1298074214633706907132624082305025))  ((2))  ((3369993333393829974333376885877453834204643052817571560137951281153))  ((2))  ((8749002899132047697490008908470485461412677723572849745703082425639811996797503692894052708092215297))  ((2)) )

11772 ( ((35835915874844867368919076489095108449946327955754392558399825615420669938882575126094039892345713852417))  ((2))  ((93035356709837681990313447409664580397266094167976711716030745495121828878514934185752454491361736391777602765602070775492429008462675969))  ((2))  ((241533595188578646543459493183249209018682958106652187416077203215719946393097526533512110411370161122653976001968886073585317416315186728483931792091692546793561300926465))  ((2)) )

11810 ( ((645562469521727147413979793000752968582426448207305878207664839135161905504210298657411338320034457858975792993186873345))  ((2))  ((818347651974035467503297424206899788054160511510766197370822842024033449101168638720817523081476039287721671031890017752304314136471348263332131897345))  ((2))  ((58968162887836583628774290327941701420576894069006881693378223441337877537377325813845730080900918242835443359855685076558915384842574884883772410178635875682021801985))  ((2)) )

11964 ( ((3))  ((1))  ((106111661199647248543687855752712667991103904330482569981872649)) )

12034 ( ((3369993333393829974333376885877453834204643052817571560137951281153))  ((2))  ((8749002899132047697490008908470485461412677723572849745703082425639811996797503692894052708092215297))  ((2))  ((22713710134237715329666368996500141698551292521478689383796568724394977753543685103943470334805111423773828800195818060422956300894209))  ((2)) )

