3608 (((1 0 2 0 0 0) (13 0 3 0 7 13) (0 0 2 0 0 0) (0 0 1 1 0 0) (0 0 7 7 0 2) (1 0 0 3 0 0)) ((1 0 8 5 0 0) (4 3 1 4 3 4) (1 0 0 2 0 0) (0 0 0 11 4 20) (0 3 0 0 6 4) (0 0 0 6 0 3)) ((1 0 2 0 0 0) (5 0 0 0 0 8) (0 0 0 0 0 0) (0 0 9 0 0 0) (0 0 0 5 0 0) (0 0 11 0 0 0)) ((1 0 1 0 0 0) (1 0 9 3 0 1) (0 0 0 0 0 0) (0 0 1 0 0 0) (0 0 0 3 1 1) (0 0 1 3 0 0)) ((1 0 0 0 0 0) (1 0 3 0 0 3) (0 0 0 0 0 0) (0 0 0 0 0 0) (0 0 0 0 0 10) (0 0 0 0 0 0)) ((3 0 0 0 2 0) (10 1 5 9 0 3) (0 0 5 0 0 1) (4 0 0 6 3 3) (0 1 11 5 9 1) (2 0 8 0 0 0)))
50918 (((6 8) (7 7)) ((3 5) (4 3)))
50546 (((5 8) (9 9)) ((5 0) (4 5)))
61317 (((7 0) (3 0)) ((2 8) (9 5)) ((5 3) (5 9)))
57582 (((1 2) (11 3)) ((3 0) (1 0)))
64249 (((7 9) (2 6)) ((7 9) (8 3)) ((2 8) (2 9)) ((9 8) (5 9)))
63211 (((6 9) (5 4)) ((3 4) (3 4)))
72717 (((9 8) (9 8)) ((6 7) (4 5)))
69628 (((9 9) (7 7)) ((2 0) (9 0)))
67126 (((3 7) (8 7)) ((3 7) (6 9)) ((6 6) (7 8)) ((2 2) (0 8)))
71663 (((9 5) (9 9)) ((5 3) (7 9)))
68480 (((8 9) (6 1)) ((6 9) (5 0)))
68316 (((8 2) (4 8)) ((7 2) (4 7)))
68774 (((5 9) (8 9)) ((2 6) (6 8)))
105125 (((5 7) (6 9)) ((1 2) (1 1)))
106288 (((8 6) (2 2)) ((1 6) (0 1)))
105155 (((5 9) (0 4)) ((1 0) (0 1)))
106089 (((9 9) (9 7)) ((3 3) (7 0)))
105814 (((7 8) (9 8)) ((1 0) (1 0)))
106295 (((9 7) (9 7)) ((1 1) (5 3)))
106682 (((9 8) (9 7)) ((7 2) (3 6)) ((1 1) (6 3)))
106105 (((7 7) (8 5)) ((2 7) (1 1)))
105559 (((3 10) (5 7)) ((1 8) (0 0)))
106054 (((6 6) (3 3)) ((1 0) (2 0)))
114004 (((9 2) (7 9)) ((2 0) (1 3)) ((7 2) (6 8)))
116906 (((8 11) (7 6)) ((1 10) (3 1)) ((2 7) (1 1)))
105297 (((9 6) (6 9)) ((2 0) (0 2)))
110793 (((4 9) (8 6)) ((3 1) (5 3)) ((1 1) (6 0)))
110542 (((7 1) (2 7)) ((2 1) (2 2)) ((2 3) (6 4)))
93615 (((2 0) (6 0)) ((6 11) (6 2)) ((3 0) (3 0)) ((1 0) (1 0)))
117098 (((7 7) (7 7)) ((5 1) (7 0)) ((4 1) (4 0)))
105280 (((3 0) (2 3)) ((2 0) (0 0)) ((1 0) (0 0)) ((1 8) (12 11)))
58504 (((10 3) (5 2)) ((5 3) (8 5)) ((3 6) (5 1)) ((3 4) (4 0)) ((5 6) (9 8)) ((4 2) (4 2)))
119000 (((1 2) (1 2)) ((1 0) (0 9)) ((2 0) (0 0)) ((4 4) (12 7)))
105943 (((1 0 0) (3 0 2) (0 0 0)) ((4 2 3) (8 8 14) (0 12 10)))
62021 (((3 1 0) (10 6 0) (0 1 0)) ((1 0 3) (0 0 0) (9 4 3)))
38850 (((1 3) (1 5)) ((1 0) (0 0)) ((1 0) (5 3)) ((1 5) (2 3)) ((5 0) (0 3)) ((4 4) (0 5)))
94229 (((1 9 0) (0 2 0) (9 11 0)) ((3 6 0) (0 9 1) (7 3 6)) ((4 3 0) (0 1 0) (0 0 0)) ((1 0 0) (0 0 0) (3 4 0)))
116075 (((1 0 3) (0 0 5) (0 4 11)) ((3 0 0) (1 16 0) (0 0 0)) ((1 0 3) (0 0 12) (0 0 3)) ((1 0 0) (0 2 8) (0 10 5)))
2715 (((1 0 3 0 2) (0 0 2 0 3) (0 0 6 3 0) (3 0 0 4 2) (0 0 7 3 3)) ((1 0 1 0 0) (0 0 0 0 0) (0 0 0 0 0) (0 1 0 0 0) (0 1 5 0 0)) ((1 0 0 0 0) (1 2 8 0 3) (0 0 0 0 0) (0 0 0 0 0) (0 0 0 0 0)))
90608 (((1 5 1) (0 6 0) (0 3 0)) ((1 12 9) (0 4 1) (1 0 5)) ((1 6 15) (0 6 13) (0 3 2)) ((1 4 7) (0 0 0) (0 4 0)))
114088 (((5 0 1) (4 4 1) (0 4 10)) ((1 1 0) (2 0 2) (0 0 0)) ((1 0 7) (0 0 5) (0 0 1)) ((1 0 2) (3 0 0) (0 2 0)))
114494 (((2 3 0) (4 2 4) (0 6 1)) ((1 0 0) (0 0 0) (0 1 0)) ((1 0 0) (0 0 0) (10 3 1)) ((1 16 0) (0 3 0) (3 11 0)))
100040 (((1 8 0 2) (0 2 0 0) (0 8 0 0) (0 0 0 0)) ((1 0 0 3) (0 0 3 9) (5 5 5 5) (0 3 4 8)) ((1 8 0 0) (1 5 0 2) (0 2 0 0) (0 2 0 2)) ((2 0 0 0) (0 0 0 0) (6 6 9 0) (0 6 0 0)))
109125 (((1 0 2 0) (0 0 0 10) (0 0 0 2) (2 0 0 0)) ((2 1 9 0) (0 0 1 0) (0 0 0 0) (0 4 3 0)) ((1 0 0 0) (2 0 0 9) (0 0 0 0) (0 0 3 0)) ((1 0 0 1) (0 3 1 2) (0 1 2 11) (0 0 0 0)))
