297
1187
1726
1728
2386
2591
2685
2689
2708
2711
2713
2715
2717
2719
2721
2723
2726
2728
2731
2733
2735
2738
2750
2756
2763
2774
2864
2869
2875
2912
3227
3268
3270
3283
3336
3385
3450
3460
3465
3467
3470
3498
3519
3529
3533
3562
3589
3606
3608
3610
3615
3626
3630
3633
3658
3661
3666
3670
3680
3705
3715
3720
3726
3729
3734
3746
3762
3770
3786
3808
3811
3815
3817
3820
3831
3842
3856
3861
3865
3916
3925
3927
3930
3932
3937
3939
3941
3969
3975
3989
3995
4000
4002
4007
4009
4014
4017
4029
4036
4040
4044
4046
4051
4057
4074
4106
4125
4141
4157
4181
4190
4196
4200
4202
4206
4220
4248
4282
4314
4374
4412
4432
4438
4484
4487
4816
4819
4824
4827
4840
4847
4854
4893
4920
4934
4938
4943
4951
4953
4964
4970
4979
4991
5011
5076
5109
5130
5138
5145
5151
5157
5162
5224
5231
5293
5310
9748
9987
10047
10060
10255
10656
11156
11756
11772
11810
11860
11964
12034
12053
12072
12116
12129
12793
12797
12816
12830
12840
12844
12850
13003
13010
13016
13035
13046
13108
13129
13204
13232
13252
15164
15917
